1.01391;-3.90625e-05;2.88828
2.01423;-3.90625e-05;2.95128
3.05653;-3.90625e-05;3.24448
4.07292;-3.90625e-05;3.77326
5.10876;0.000117187;4.20144
6.16409;0.000703125;4.54561
7.16448;0.00121094;5.01714
8.1779;0.00167969;5.46791
9.19009;0.00210937;5.90131
10.2885;0.00253906;6.44033
11.3613;0.00292969;6.80435
12.4585;0.00332031;6.92357
13.5031;0.00378906;7.43366
14.6285;0.00453125;7.99454
15.6937;0.00515625;8.51184
16.8177;0.00578125;8.96235
17.8478;0.00632813;9.28514
18.92;0.006875;9.70858
20.0333;0.00765625;10.0133
21.1864;0.00847656;10.4157
22.206;0.00917969;10.7053
23.2535;0.00988281;10.9444
24.3286;0.0105859;11.2749
25.4305;0.0112891;11.5452
26.5585;0.0122656;11.811
27.7118;0.0132031;12.0229
28.8893;0.0141406;12.3142
30.0902;0.0150781;12.5079
31.1082;0.0158594;12.6997
32.1407;0.0167969;12.8697
33.185;0.0177734;12.9867
34.2309;0.01875;12.971
35.2751;0.0197266;12.9202
36.308;0.0207031;12.7545
37.33;0.0216797;12.617
38.3446;0.0226562;12.5473
39.3552;0.0236328;12.5173
40.3646;0.0246094;12.5227
41.3754;0.0255859;12.5542
42.3898;0.0265625;12.5979
43.4094;0.0275391;12.6695
44.4355;0.0285156;12.7571
45.4693;0.0294922;12.8579
46.5092;0.0305859;12.8948
47.5481;0.0317578;12.8801
48.592;0.0329297;13.0918
49.6569;0.0341016;13.3026
50.7429;0.0352734;13.6203
51.8498;0.0365234;13.8234
52.9771;0.0378906;14.0771
54.1246;0.0392578;14.3795
55.292;0.040625;14.5722
56.479;0.0421484;14.8655
57.6853;0.0437109;15.1031
58.9106;0.0453125;15.2872
60.1547;0.046875;15.519
61.1579;0.048125;15.5554
62.1603;0.049375;15.5407
63.1648;0.0507812;15.6882
64.1821;0.0521875;15.8918
65.2122;0.0535937;16.0377
66.255;0.055;16.2847
67.3101;0.0564062;16.4235
68.3773;0.0578125;16.6596
69.4564;0.059375;16.8406
70.547;0.0609375;17.0138
71.6489;0.0625;17.1911
72.7619;0.0640625;17.361
73.8857;0.0657031;17.4821
75.0202;0.0674219;17.6463
76.1652;0.0691406;17.8516
77.3205;0.0708594;17.9661
78.4859;0.0725781;18.122
79.6613;0.0744922;18.2756
80.8465;0.0763672;18.427
82.0413;0.0782422;18.6177
83.2458;0.0801172;18.7649
84.46;0.0819922;18.9102
85.6832;0.0840234;19.054
86.9157;0.0860547;19.1964
88.1573;0.0880859;19.3329
89.408;0.0901172;19.4771
90.6676;0.0921484;19.5758
91.936;0.0943359;19.7092
93.2128;0.0965234;19.8397
94.498;0.0987109;20.0058
95.7915;0.100898;20.1337
97.0932;0.103086;20.2586
98.4028;0.105352;20.3463
99.7205;0.107695;20.5039
101.046;0.110039;20.59
102.379;0.112383;20.744
103.384;0.114141;20.7981
104.393;0.116016;20.8841
105.406;0.117891;21.0002
106.424;0.119766;21.0504
107.445;0.121641;21.1321
108.47;0.123516;21.2129
109.499;0.125391;21.3231
110.532;0.127266;21.4006
111.568;0.129258;21.4468
112.609;0.13125;21.5224
113.652;0.133242;21.6257
114.7;0.135234;21.6965
115.75;0.137227;21.7381
116.804;0.139219;21.807
117.862;0.14125;21.8755
118.923;0.143359;21.9439
119.987;0.145469;22.039
121.054;0.147578;22.1063
122.124;0.149687;22.1736
123.198;0.151797;22.2138
124.275;0.153945;22.3082
125.355;0.156172;22.3738
126.439;0.158398;22.412
127.525;0.160664;22.5032
128.615;0.162891;22.542
129.708;0.165117;22.6361
130.804;0.167461;22.6761
131.904;0.169805;22.7722
133.006;0.172148;22.8132
134.112;0.174492;22.912
135.222;0.176836;22.954
136.333;0.179219;22.9663
137.444;0.18168;22.9502
138.553;0.184141;22.9332
139.664;0.186602;23.0233
140.78;0.189062;23.1206
141.9;0.191523;23.1792
143.025;0.193984;23.2729
144.154;0.196445;23.3996
145.288;0.199023;23.4538
146.425;0.201602;23.5756
147.567;0.20418;23.6609
148.713;0.206758;23.7392
149.863;0.209336;23.7941
151.017;0.212031;23.8753
152.175;0.214727;23.9867
153.337;0.217422;24.0332
154.502;0.220156;24.1097
155.671;0.222852;24.2141
156.844;0.225664;24.2568
158.02;0.228477;24.3566
159.199;0.231289;24.4254
160.382;0.234102;24.4931
161.568;0.236914;24.5317
162.757;0.239727;24.5967
163.949;0.242656;24.6877
165.145;0.245586;24.7503
166.343;0.248516;24.8108
167.544;0.251445;24.8704
168.748;0.254375;24.9292
169.955;0.257305;24.9872
171.165;0.260352;25.046
172.377;0.263398;25.1057
173.593;0.266445;25.1399
174.811;0.269492;25.2194
176.033;0.272539;25.2853
177.257;0.275703;25.3201
178.484;0.278867;25.408
179.714;0.282031;25.4438
180.947;0.285195;25.5065
182.184;0.288359;25.5969
183.423;0.29168;25.6338
184.665;0.294961;25.7255
185.911;0.298242;25.7628
187.16;0.301523;25.8556
188.411;0.304805;25.9209
189.667;0.308203;25.9862
190.925;0.311602;26.0239
192.186;0.315;26.1172
193.451;0.318398;26.1824
194.718;0.321797;26.2478
195.989;0.325273;26.2856
197.263;0.328789;26.3793
198.54;0.332305;26.4172
199.821;0.33582;26.5112
201.104;0.339336;26.5771
202.391;0.34293;26.6147
203.681;0.346563;26.7075
204.974;0.350195;26.7722
206.27;0.353828;26.8371
207.57;0.357461;26.8743
208.872;0.361211;26.9673
210.178;0.364961;27.0324
211.487;0.36875;27.0697
212.798;0.3725;27.1567
214.114;0.376289;27.2002
215.432;0.380156;27.2655
216.753;0.384023;27.3588
218.078;0.387891;27.424
219.406;0.391758;27.4609
220.737;0.395703;27.5539
222.071;0.399687;27.5908
223.408;0.403672;27.6833
224.748;0.407656;27.7477
226.091;0.411641;27.8111
227.438;0.415742;27.8467
228.787;0.419844;27.91
230.14;0.423945;28.0008
231.495;0.428047;28.0639
232.854;0.432266;28.0995
234.216;0.436484;28.1626
235.581;0.440703;28.2256
236.948;0.444922;28.3091
238.319;0.449219;28.3781
239.693;0.453555;28.413
241.07;0.457891;28.4753
242.45;0.462227;28.5375
243.833;0.466562;28.6268
245.218;0.471016;28.661
246.607;0.475469;28.7484
247.999;0.479922;28.8088
249.394;0.484375;28.8686
250.791;0.488906;28.9017
252.191;0.493477;28.9618
253.595;0.498047;29.0489
255.001;0.502617;29.0824
256.41;0.507187;29.1432
257.822;0.511875;29.2042
259.238;0.516562;29.2925
260.656;0.52125;29.3538
262.077;0.525937;29.3878
263.501;0.530664;29.4494
264.928;0.535469;29.5112
266.358;0.540273;29.6004
267.791;0.545078;29.6622
269.227;0.549922;29.7241
270.665;0.554883;29.7584
272.107;0.559805;29.848
273.552;0.564727;29.8822
275;0.569727;29.9703
276.451;0.574766;30.0275
277.905;0.579805;30.0557
279.36;0.584844;30.1252
280.818;0.589961;30.1643
282.278;0.595117;30.1803
283.739;0.600273;30.2112
285.202;0.60543;30.2541
286.666;0.610586;30.2789
288.131;0.615742;30.3034
289.597;0.620937;30.313
291.065;0.626211;30.3388
292.534;0.631484;30.3827
294.004;0.636758;30.3956
295.476;0.642031;30.4457
296.949;0.647305;30.4619
298.424;0.652578;30.5187
299.902;0.657852;30.5383
301.381;0.663203;30.6021
302.862;0.668594;30.6248
304.345;0.673984;30.694
305.831;0.679375;30.719
307.319;0.684805;30.7924
308.809;0.690313;30.8435
310.302;0.695859;30.8957
311.798;0.701367;30.9238
313.296;0.706992;31.0029
314.296;0.710742;31.0138
315.297;0.714492;31.0504
316.3;0.718242;31.1132
317.304;0.721992;31.1245
318.309;0.725742;31.1619
319.315;0.729531;31.2257
320.322;0.733359;31.2637
321.331;0.737188;31.3018
322.341;0.741016;31.3136
323.352;0.744844;31.3786
324.364;0.748672;31.3905
325.377;0.7525;31.4325
326.391;0.756328;31.427
327.404;0.760156;31.4133
328.417;0.763984;31.39
329.43;0.767812;31.3818
330.442;0.771641;31.3851
331.455;0.775469;31.4434
332.469;0.779336;31.4793
333.485;0.783242;31.5155
334.502;0.787148;31.5517
335.52;0.791055;31.588
336.539;0.794961;31.5987
337.559;0.798867;31.635
338.58;0.802852;31.6714
339.603;0.806836;31.7078
340.627;0.81082;31.7442
341.652;0.814844;31.7806
342.678;0.818906;31.8427
343.705;0.822969;31.8534
344.734;0.827031;31.9157
345.763;0.831094;31.9521
346.794;0.835234;31.9628
347.826;0.839375;31.9993
348.859;0.843516;32.0358
349.893;0.847656;32.0981
350.929;0.851875;32.1087
351.965;0.856094;32.1451
353.003;0.860312;32.1815
354.042;0.864531;32.2438
355.082;0.868789;32.2802
356.124;0.873086;32.2908
357.166;0.877383;32.3271
358.21;0.88168;32.3635
359.255;0.885977;32.3998
360.301;0.890273;32.4621
361.348;0.894648;32.4725
362.397;0.899023;32.5346
363.446;0.903398;32.545
364.497;0.907773;32.5812
365.549;0.912148;32.6433
366.602;0.916523;32.6536
367.656;0.920898;32.6898
368.712;0.925352;32.7259
369.768;0.929805;32.7621
370.826;0.934258;32.824
371.885;0.938711;32.8342
372.945;0.943164;32.8703
374.006;0.947617;32.9321
375.068;0.95207;32.9681
376.132;0.956602;32.9782
377.197;0.961133;33.0141
378.263;0.965664;33.05
379.33;0.970234;33.1118
380.398;0.974766;33.1476
381.467;0.979297;33.1575
382.538;0.983906;33.1933
383.609;0.988516;33.2291
384.682;0.993125;33.2906
385.756;0.997734;33.3005
386.831;1.00234;33.362
387.907;1.00703;33.3976
388.985;1.01188;33.4332
390.063;1.01703;33.4687
391.143;1.02262;33.5041
392.224;1.02891;33.5393
393.306;1.03605;33.5487
394.389;1.04441;33.601
395.473;1.05426;33.6182
396.558;1.06594;33.6774
397.644;1.07988;33.7106
398.732;1.09648;33.7434
399.82;1.11621;33.7753
400.909;1.13941;33.7816
401.999;1.1666;33.8119
403.09;1.19824;33.8553
404.182;1.23465;33.8692
405.274;1.27629;33.8961
406.367;1.32367;33.9457
407.461;1.37715;33.9701
408.555;1.43695;33.9934
409.649;1.50371;33.9921
410.744;1.5777;34.0357
411.839;1.65922;34.0551
412.934;1.74871;34.0504
414.03;1.84637;34.0902
415.124;1.95246;34.1059
416.219;2.06738;34.0984
417.313;2.19117;34.112
418.407;2.3243;34.1251
419.5;2.46695;34.1593
420.592;2.61922;34.1476
421.683;2.78133;34.1796
422.773;2.95371;34.1666
423.862;3.13637;34.1739
424.949;3.32945;34.1812
426.034;3.5332;34.1874
427.118;3.74777;34.2132
428.2;3.97316;34.2164
429.279;4.20996;34.1971
430.356;4.45805;34.2147
431.43;4.7177;34.1907
432.502;4.9891;34.2028
433.57;5.2723;34.1927
434.634;5.56738;34.179
435.695;5.87477;34.1608
436.752;6.19418;34.1381
437.804;6.52602;34.1111
438.852;6.87055;34.0791
439.894;7.22777;34.0116
440.931;7.59789;33.9998
441.962;7.98109;33.9536
442.986;8.3773;33.8955
444.004;8.78668;33.8475
445.015;9.20949;33.7884
446.018;9.64563;33.7206
447.014;10.0951;33.6631
448.002;10.5581;33.5978
448.981;11.0346;33.5321
449.951;11.5245;33.4663
450.913;12.0277;33.391
451.866;12.5444;33.3357
452.81;13.0739;33.2576
453.743;13.6173;33.1936
454.667;14.1752;33.1415
455.58;14.7462;33.079
456.482;15.3303;33.0216
457.374;15.9272;32.9536
458.255;16.5364;32.9035
459.125;17.158;32.8731
459.985;17.7916;32.8305
460.835;18.4373;32.7917
461.673;19.0961;32.7532
462.5;19.7672;32.7162
463.315;20.4496;32.6674
464.119;21.1433;32.6624
464.911;21.848;32.6229
465.692;22.5632;32.6276
466.463;23.2887;32.6165
467.222;24.0244;32.5878
467.973;24.7699;32.5817
468.711;25.5267;32.5809
469.437;26.2942;32.5805
470.153;27.0707;32.6034
470.858;27.8558;32.586
471.553;28.6494;32.5918
472.238;29.4513;32.6206
472.914;30.2614;32.6297
473.58;31.0793;32.6163
474.237;31.905;32.6266
474.884;32.7382;32.6608
475.522;33.5799;32.6477
476.15;34.4297;32.6787
476.769;35.2862;32.6634
477.377;36.1494;32.6954
477.976;37.0195;32.7034
478.565;37.8962;32.7107
479.144;38.7796;32.6942
479.714;39.6695;32.7039
480.274;40.5659;32.7315
480.825;41.4685;32.7379
481.366;42.3774;32.7205
481.896;43.2933;32.7261
482.416;44.2163;32.7282
482.926;45.1449;32.7293
483.423;46.0784;32.7321
483.91;47.0176;32.7575
484.387;47.9623;32.7582
484.853;48.9125;32.7579
485.308;49.8679;32.7341
485.752;50.8286;32.7328
486.185;51.796;32.7522
486.605;52.7691;32.7425
487.013;53.7456;32.7109
487.409;54.7256;32.7194
487.793;55.7102;32.686
488.165;56.699;32.6791
488.525;57.6917;32.6496
488.872;58.6881;32.6118
489.205;59.6891;32.5573
489.524;60.6928;32.5084
489.829;61.6976;32.4441
490.12;62.7045;32.3708
490.397;63.7135;32.2956
490.66;64.7239;32.2109
490.909;65.7354;32.122
491.142;66.7478;32.0204
491.36;67.7608;31.9178
491.562;68.7741;31.8204
491.748;69.7874;31.7103
491.918;70.8003;31.5883
492.072;71.8125;31.4828
492.209;72.8238;31.36
492.33;73.8339;31.247
492.434;74.8425;31.0831
492.521;75.8494;31.0292
492.592;76.8549;30.9249
492.646;77.8588;30.8179
492.683;78.8608;30.7206
492.706;80.3588;30.579
492.692;81.8508;30.4399
492.64;83.3363;30.3215
492.551;84.8148;30.2341
492.426;86.2855;30.1542
492.265;87.7484;30.0769
492.071;89.2041;30.0575
491.843;90.652;30.0235
491.585;92.0935;30.0613
491.299;93.5283;30.0744
490.988;94.9587;30.1332
490.659;96.3859;30.2102
490.317;97.8124;30.2925
489.97;99.2403;30.3667
489.627;100.672;30.4447
489.295;102.107;30.4517
488.981;103.548;30.4777
488.69;104.994;30.4327
488.424;106.443;30.3442
488.188;107.892;30.2164
487.983;109.341;30.0777
487.81;110.79;29.9618
487.671;112.24;29.8549
487.567;113.689;29.7455
487.499;115.136;29.5959
487.467;116.58;29.5407
487.472;118.021;29.4156
487.514;119.457;29.3383
487.593;120.887;29.2478
487.709;122.31;29.15
487.861;123.726;29.1036
488.049;125.134;29.0513
488.272;126.534;28.9907
488.53;127.925;28.9875
488.822;129.307;28.9546
489.146;130.681;28.9603
489.503;132.047;29.0062
489.891;133.404;29.0069
490.307;134.752;29.0518
490.748;136.093;29.1398
491.212;137.429;29.208
491.706;138.788;29.2807
492.206;140.116;29.3579
492.718;141.445;29.4052
493.24;142.775;29.5119
493.765;144.105;29.553
494.292;145.437;29.6217
494.819;146.772;29.6866
495.342;148.112;29.7487
495.862;149.457;29.8091
496.378;150.808;29.8962
496.89;152.165;29.9244
497.397;153.523;30.0013
497.902;154.885;30.0685
498.406;156.25;30.126
498.912;157.618;30.1545
499.422;158.987;30.2075
499.94;160.357;30.2557
500.468;161.726;30.3219
501.008;163.09;30.3547
501.564;164.45;30.3553
502.136;165.804;30.3728
502.727;167.15;30.383
503.338;168.489;30.4074
503.973;169.819;30.3768
504.631;171.137;30.3856
505.312;172.441;30.347
506.016;173.732;30.3284
506.744;175.009;30.3095
507.496;176.272;30.3157
508.271;177.519;30.2756
509.073;178.752;30.2853
509.897;179.968;30.2497
510.744;181.166;30.2745
511.612;182.349;30.2805
512.501;183.516;30.2945
513.409;184.669;30.2887
514.336;185.809;30.3161
515.281;186.936;30.3785
516.241;188.051;30.3891
517.214;189.156;30.4331
518.2;190.253;30.4803
519.196;191.342;30.5587
520.201;192.427;30.5797
521.213;193.508;30.6303
522.23;194.588;30.7087
523.251;195.667;30.729
524.275;196.747;30.7769
525.3;197.828;30.8238
525.99;198.557;30.8827
527.017;199.641;30.9007
528.045;200.728;30.9733
529.073;201.818;31.0186
530.101;202.91;31.0362
530.787;203.639;31.0662
531.475;204.368;31.096
532.163;205.098;31.1526
532.853;205.828;31.155
533.545;206.557;31.2112
534.238;207.285;31.2398
534.934;208.013;31.2411
535.633;208.74;31.2686
536.334;209.464;31.2954
537.038;210.188;31.3469
537.746;210.908;31.3717
538.458;211.626;31.3701
539.174;212.342;31.4195
539.894;213.055;31.4168
540.617;213.764;31.4658
541.346;214.47;31.4881
542.078;215.173;31.5103
542.816;215.871;31.5327
543.557;216.567;31.5555
544.304;217.258;31.5519
545.055;217.945;31.602
545.81;218.629;31.6006
546.57;219.309;31.6255
547.334;219.986;31.6514
548.102;220.658;31.6786
548.876;221.328;31.7314
549.652;221.994;31.7337
550.433;222.656;31.7638
551.218;223.316;31.7947
552.006;223.973;31.825
552.797;224.627;31.884
553.592;225.279;31.9167
554.391;225.928;31.9223
555.192;226.576;31.9832
555.996;227.221;32.018
556.803;227.865;32.0522
557.612;228.508;32.0606
558.424;229.148;32.096
559.239;229.788;32.1579
560.055;230.427;32.1671
560.874;231.064;32.2306
561.696;231.701;32.2408
562.519;232.337;32.2767
563.344;232.972;32.3142
564.172;233.607;32.3517
565.001;234.24;32.414
565.833;234.873;32.4517
566.667;235.505;32.4634
567.503;236.135;32.5262
568.342;236.765;32.5638
569.183;237.392;32.6017
570.028;238.019;32.6376
570.874;238.643;32.6742
571.724;239.265;32.685
572.578;239.884;32.7206
573.435;240.501;32.7543
574.295;241.114;32.7886
575.159;241.723;32.8448
576.028;242.329;32.8763
576.901;242.93;32.8829
577.778;243.527;32.9123
578.661;244.118;32.9631
579.547;244.704;32.9897
580.44;245.283;33.0137
581.337;245.856;33.0366
582.24;246.422;33.0592
583.148;246.981;33.0798
584.062;247.533;33.0754
584.981;248.076;33.1165
585.906;248.611;33.1106
586.837;249.138;33.1242
587.773;249.655;33.1587
588.715;250.163;33.1481
589.663;250.661;33.1773
590.616;251.15;33.1619
591.575;251.627;33.1907
592.539;252.095;33.1954
593.509;252.551;33.1978
594.484;252.997;33.1782
595.465;253.43;33.1782
596.451;253.852;33.1754
597.442;254.263;33.1929
598.438;254.66;33.1676
599.439;255.045;33.1823
600.444;255.418;33.1562
601.454;255.778;33.1724
602.47;256.125;33.1424
603.488;256.459;33.1345
604.511;256.78;33.1486
605.539;257.087;33.1408
606.57;257.38;33.1096
607.604;257.661;33.1066
608.642;257.927;33.1241
609.684;258.18;33.0974
610.728;258.419;33.1167
611.775;258.644;33.0943
612.826;258.856;33.1165
613.879;259.054;33.0962
614.934;259.238;33.1242
615.992;259.409;33.1072
617.052;259.566;33.1403
618.114;259.711;33.1524
619.178;259.842;33.1422
620.244;259.96;33.1839
621.311;260.065;33.205
622.38;260.159;33.2027
623.451;260.24;33.254
624.524;260.309;33.2729
625.597;260.366;33.2887
626.672;260.413;33.3482
627.749;260.448;33.3839
628.826;260.472;33.4221
629.905;260.486;33.4343
630.985;260.491;33.4746
632.066;260.486;33.5434
633.148;260.472;33.5585
634.231;260.449;33.6011
635.315;260.416;33.6443
636.401;260.375;33.6875
637.487;260.326;33.7572
638.574;260.268;33.7745
639.662;260.202;33.8173
640.75;260.129;33.8845
641.839;260.047;33.9269
642.93;259.957;33.9677
644.021;259.86;33.9827
645.112;259.754;34.0226
646.204;259.639;34.0618
647.296;259.517;34.1263
648.389;259.387;34.1651
649.482;259.248;34.1786
650.575;259.101;34.2172
651.668;258.946;34.2817
652.762;258.783;34.2957
653.855;258.612;34.3627
654.949;258.434;34.4054
656.043;258.248;34.4233
657.137;258.056;34.4703
658.232;257.857;34.52
659.327;257.654;34.5723
660.424;257.445;34.6269
661.521;257.234;34.7104
662.62;257.02;34.7395
663.72;256.805;34.795
664.822;256.591;34.8739
665.926;256.379;34.8981
667.032;256.17;34.9426
668.14;255.966;35.0042
669.251;255.769;35.0143
670.364;255.58;35.0398
671.48;255.4;35.0578
672.598;255.23;35.0871
673.719;255.071;35.0888
674.841;254.924;35.0832
675.965;254.789;35.0705
677.091;254.667;35.0328
678.218;254.558;35.0079
679.345;254.462;34.9975
680.473;254.38;34.9671
681.602;254.312;34.9324
682.731;254.259;34.8906
683.861;254.222;34.8261
684.99;254.202;34.7964
686.117;254.197;34.7476
687.244;254.209;34.6793
688.37;254.237;34.6456
689.493;254.282;34.575
690.617;254.341;34.5047
691.738;254.416;34.4337
692.855;254.509;34.4001
693.969;254.616;34.3569
695.08;254.739;34.3236
696.188;254.877;34.3049
697.293;255.029;34.2918
698.396;255.196;34.2831
699.495;255.378;34.2858
700.591;255.573;34.2819
701.684;255.782;34.3111
702.774;256.005;34.3309
703.86;256.24;34.3401
704.943;256.488;34.3811
706.022;256.749;34.3817
707.097;257.023;34.3916
708.168;257.308;34.3912
709.236;257.606;34.3972
710.3;257.919;34.3753
711.361;258.246;34.3334
712.415;258.587;34.3221
713.465;258.944;34.2656
714.51;259.317;34.2272
715.547;259.706;34.1665
716.577;260.112;34.084
717.598;260.534;34.0129
718.612;260.971;33.9551
719.618;261.422;33.8788
720.615;261.887;33.7906
721.604;262.366;33.7256
722.585;262.859;33.6739
723.557;263.37;33.5896
724.519;263.897;33.4846
725.469;264.439;33.4147
726.408;264.996;33.3537
727.335;265.567;33.2999
728.252;266.149;33.2621
729.159;266.744;33.2631
730.058;267.353;33.2178
730.947;267.975;33.2285
731.825;268.612;33.1969
732.693;269.265;33.1965
733.548;269.928;33.2319
734.392;270.602;33.2702
735.226;271.287;33.2959
736.053;271.983;33.3535
736.873;272.689;33.4148
737.685;273.408;33.5153
738.488;274.136;33.5893
739.285;274.873;33.6599
740.077;275.617;33.7127
740.865;276.37;33.8301
741.652;277.127;33.9127
742.436;277.889;33.9602
743.22;278.655;34.0375
744.004;279.423;34.1425
744.79;280.191;34.1745
745.577;280.958;34.2609
746.365;281.724;34.2942
747.162;282.492;34.3849
747.964;283.261;34.4403
748.769;284.028;34.4647
749.577;284.792;34.5501
750.389;285.554;34.6037
751.203;286.314;34.628
752.019;287.071;34.6797
752.837;287.828;34.7462
753.658;288.586;34.7785
754.483;289.352;34.7969
755.307;290.12;34.8074
756.124;290.889;34.7694
756.935;291.661;34.6947
757.738;292.436;34.592
758.533;293.214;34.5225
759.319;293.993;34.3061
760.095;294.774;34.2102
760.862;295.562;33.9717
761.618;296.361;33.8423
762.359;297.168;33.6139
763.076;297.98;33.384
763.776;298.799;33.1225
764.459;299.625;32.9134
765.127;300.457;32.6979
765.778;301.297;32.5072
766.413;302.141;32.276
767.031;302.991;32.0298
767.628;303.855;31.7073
768.206;304.724;31.4184
768.758;305.598;31.1536
769.288;306.475;30.9202
769.797;307.358;30.6412
770.285;308.245;30.3813
770.753;309.136;30.1216
771.199;310.032;29.8628
771.83;311.38;29.4775
772.412;312.736;29.0917
772.938;314.102;28.6463
773.41;315.467;28.2415
773.827;316.829;27.9086
774.194;318.189;27.5943
774.511;319.547;27.2931
774.78;320.901;27.0287
774.999;322.25;26.7805
775.166;323.594;26.5249
775.281;324.932;26.3004
775.344;326.255;26.122
775.359;327.566;25.9747
775.329;328.865;25.8362
775.255;330.153;25.7364
775.137;331.429;25.6793
774.978;332.693;25.608
774.776;333.944;25.5999
774.532;335.183;25.5886
774.249;336.409;25.5704
773.927;337.621;25.6044
773.57;338.821;25.6866
773.181;340.011;25.7587
772.762;341.191;25.8096
772.316;342.365;25.9029
771.848;343.533;26.0415
771.362;344.699;26.114
770.863;345.863;26.2604
770.354;347.03;26.3688
769.84;348.2;26.4733
769.325;349.374;26.5731
768.811;350.554;26.6683
768.3;351.739;26.7599
767.794;352.931;26.8509
767.292;354.13;26.9419
766.793;355.337;27.0002
766.297;356.549;27.0905
765.804;357.766;27.1816
765.311;358.988;27.3029
764.815;360.213;27.3906
764.313;361.44;27.4758
763.803;362.668;27.5278
763.279;363.895;27.5997
762.738;365.12;27.6872
762.18;366.339;27.7136
761.602;367.551;27.7788
761.004;368.754;27.8077
760.383;369.947;27.8283
759.739;371.129;27.8161
759.065;372.299;27.806
758.361;373.452;27.7824
757.629;374.584;27.7753
756.87;375.696;27.7403
756.083;376.787;27.6965
755.269;377.856;27.628
754.428;378.902;27.574
753.558;379.923;27.5237
752.659;380.917;27.4295
751.734;381.88;27.3772
750.785;382.814;27.3097
749.811;383.718;27.2261
748.815;384.59;27.1079
747.799;385.43;26.9644
746.763;386.235;26.8177
745.704;387.003;26.697
744.626;387.735;26.6196
743.531;388.43;26.4922
742.419;389.091;26.4556
741.249;389.737;26.3807
739.902;390.422;26.2793
738.981;390.856;26.234
738.035;391.276;26.1859
737.075;391.67;26.1611
736.091;392.046;26.0853
735.092;392.399;26.0745
734.086;392.726;26.0216
733.056;393.034;26.0337
732.012;393.319;26.0261
730.973;393.577;25.9954
729.922;393.812;26.0069
728.848;394.028;26.0259
727.773;394.221;26.0601
726.69;394.393;26.1441
725.589;394.546;26.1947
724.475;394.681;26.2138
723.369;394.798;26.3312
722.267;394.901;26.3647
721.167;394.993;26.4468
720.055;395.08;26.5709
718.941;395.163;26.6113
717.827;395.247;26.6875
716.716;395.334;26.795
715.603;395.428;26.8568
714.493;395.532;26.8753
713.404;395.643;26.9606
712.325;395.764;27.0054
711.252;395.896;27.0143
710.186;396.037;27.0516
709.132;396.188;27.1093
708.076;396.349;27.1632
707.014;396.523;27.2062
705.947;396.711;27.2469
704.895;396.91;27.255
703.853;397.121;27.3301
702.818;397.343;27.3419
701.809;397.57;27.4194
700.805;397.806;27.4619
699.796;398.049;27.5106
698.806;398.297;27.5578
697.826;398.548;27.5848
696.847;398.806;27.6699
695.872;399.069;27.7228
694.893;399.34;27.7744
693.926;399.612;27.8267
692.963;399.887;27.8781
691.988;400.168;27.896
691.008;400.453;27.9479
690.026;400.74;28.0008
689.044;401.028;28.0537
688.065;401.318;28.137
687.078;401.613;28.1807
686.092;401.91;28.2047
685.114;402.208;28.2804
684.136;402.51;28.2956
683.178;402.81;28.3386
681.752;403.263;28.3999
680.343;403.724;28.4576
678.943;404.198;28.5338
677.555;404.69;28.5492
676.205;405.193;28.5722
674.869;405.718;28.6056
673.59;406.248;28.5895
672.321;406.799;28.6018
671.063;407.374;28.5857
669.817;407.975;28.5542
668.582;408.612;28.4864
667.367;409.282;28.4321
666.179;409.982;28.3631
665.013;410.71;28.2877
663.868;411.467;28.1896
662.747;412.252;28.0988
661.65;413.065;28.0038
660.581;413.915;27.8821
659.541;414.795;27.7672
658.538;415.7;27.6623
657.562;416.628;27.5385
656.615;417.58;27.4456
655.701;418.556;27.3223
654.82;419.556;27.2362
653.973;420.579;27.1222
653.161;421.625;27.021
652.387;422.695;26.9161
651.651;423.783;26.8423
650.953;424.889;26.7638
650.29;426.013;26.6772
649.662;427.152;26.6164
649.069;428.306;26.5848
648.512;429.474;26.5219
647.991;430.656;26.5074
647.504;431.85;26.4636
647.052;433.056;26.4677
646.634;434.273;26.4549
646.251;435.499;26.4543
645.9;436.735;26.4582
645.583;437.979;26.4416
645.297;439.232;26.458
645.042;440.491;26.4788
644.818;441.756;26.5096
644.622;443.028;26.5449
644.456;444.306;26.5822
644.317;445.588;26.626
644.205;446.875;26.7023
644.118;448.166;26.7241
644.057;449.46;26.78
644.02;450.759;26.8397
644.005;452.06;26.9017
644.012;453.365;26.999
644.038;454.672;27.0386
644.083;455.982;27.1403
644.146;457.295;27.2165
644.224;458.611;27.2946
644.316;459.929;27.3746
644.421;461.25;27.4569
644.535;462.575;27.5399
644.657;463.902;27.6234
644.786;465.233;27.6775
644.919;466.568;27.7893
645.055;467.906;27.8708
645.191;469.249;27.9227
645.326;470.594;28.0291
645.459;471.944;28.1062
645.588;473.299;28.155
645.713;474.657;28.2568
645.833;476.019;28.3037
645.947;477.386;28.3768
646.054;478.756;28.4762
646.155;480.131;28.5219
646.249;481.509;28.6196
646.336;482.891;28.6907
646.415;484.277;28.7355
646.487;485.667;28.8329
646.551;487.061;28.8777
646.607;488.459;28.9482
646.654;489.861;29.0185
646.694;491.265;29.1133
646.726;492.673;29.1841
646.75;494.086;29.2544
646.766;495.501;29.299
646.773;496.921;29.3961
646.773;498.344;29.4411
646.765;499.769;29.5369
646.751;501.197;29.5831
646.732;502.629;29.6841
646.706;504.067;29.757
646.673;505.507;29.8035
646.633;506.95;29.875
646.585;508.397;29.9447
646.53;509.844;30.0359
646.467;511.294;30.1028
646.394;512.749;30.1429
646.307;514.209;30.2012
646.205;515.669;30.255
646.085;517.129;30.3024
645.948;518.589;30.3632
645.794;520.048;30.4007
645.622;521.506;30.4338
645.425;522.969;30.4333
645.2;524.431;30.4482
644.948;525.885;30.4771
644.67;527.335;30.4829
644.368;528.779;30.4906
644.043;530.218;30.4845
643.692;531.654;30.5195
643.309;533.089;30.5005
642.897;534.513;30.5085
642.456;535.927;30.5507
641.991;537.333;30.546
641.505;538.731;30.577
640.997;540.123;30.6131
640.462;541.512;30.6467
639.897;542.894;30.6933
639.308;544.261;30.7218
638.696;545.617;30.7246
638.061;546.964;30.7491
637.405;548.301;30.7743
636.726;549.63;30.7943
636.018;550.948;30.8141
635.284;552.251;30.7821
634.525;553.536;30.7704
633.741;554.803;30.7271
632.933;556.053;30.6672
632.1;557.283;30.5816
631.242;558.491;30.4682
630.355;559.676;30.3162
629.443;560.832;30.1692
628.508;561.958;30.0268
627.549;563.057;29.887
626.568;564.127;29.7531
625.562;565.168;29.6097
624.528;566.177;29.4588
623.471;567.151;29.3136
622.394;568.088;29.1957
621.298;568.995;29.0696
620.182;569.87;28.9651
619.048;570.713;28.8879
617.895;571.523;28.8037
616.72;572.296;28.698
615.529;573.034;28.6492
614.324;573.737;28.6036
613.105;574.409;28.5481
611.872;575.05;28.528
610.625;575.661;28.5192
609.365;576.242;28.5218
608.091;576.794;28.557
606.809;577.319;28.5527
605.517;577.819;28.5858
604.216;578.299;28.6267
602.907;578.76;28.6746
601.59;579.205;28.7289
600.265;579.638;28.7872
598.934;580.06;28.8768
597.6;580.475;28.9358
596.262;580.886;28.9937
594.92;581.295;29.0505
593.575;581.704;29.106
592.229;582.115;29.1298
590.878;582.527;29.1829
589.526;582.94;29.2342
588.173;583.354;29.2864
586.817;583.768;29.3676
585.458;584.18;29.4176
584.095;584.589;29.4657
582.729;584.992;29.4823
581.356;585.388;29.5242
579.98;585.775;29.5628
578.6;586.15;29.6259
577.215;586.514;29.6583
575.824;586.865;29.6609
574.429;587.202;29.7172
573.028;587.524;29.7458
571.621;587.831;29.7454
570.211;588.121;29.8028
568.797;588.397;29.8335
567.378;588.658;29.8378
565.955;588.905;29.873
564.527;589.139;29.9243
563.096;589.359;29.9262
561.665;589.567;29.8936
560.235;589.763;29.8467
558.805;589.949;29.8474
557.372;590.125;29.8853
555.937;590.293;29.8965
554.499;590.453;29.9355
553.058;590.605;30.0018
551.615;590.749;30.0401
550.169;590.887;30.0781
548.721;591.017;30.0884
547.271;591.141;30.1534
545.818;591.258;30.1907
544.362;591.368;30.2271
542.904;591.472;30.2363
541.445;591.568;30.2724
539.983;591.658;30.3347
538.519;591.741;30.3695
537.053;591.815;30.4039
535.585;591.882;30.437
534.114;591.94;30.4693
532.642;591.989;30.4747
531.169;592.029;30.5316
529.693;592.059;30.5352
528.216;592.078;30.5644
526.737;592.086;30.619
525.257;592.082;30.647
523.776;592.067;30.6753
522.294;592.041;30.704
520.81;592.004;30.7336
519.325;591.955;30.7644
517.839;591.897;30.7698
516.352;591.829;30.8301
514.864;591.752;30.8381
513.374;591.669;30.8745
511.883;591.58;30.9117
510.391;591.488;30.9765
508.896;591.393;30.9868
507.4;591.297;31.0505
506.402;591.233;31.0745
505.403;591.171;31.0983
504.404;591.109;31.1217
503.403;591.049;31.1178
502.401;590.991;31.167
501.399;590.935;31.1626
500.396;590.881;31.1955
499.391;590.83;31.2062
498.386;590.782;31.2279
497.38;590.736;31.2491
496.374;590.693;31.2707
495.367;590.653;31.2928
494.359;590.615;31.315
493.35;590.58;31.3373
492.34;590.547;31.3601
491.329;590.516;31.41
490.318;590.487;31.4064
489.305;590.46;31.4569
488.292;590.433;31.4802
487.278;590.408;31.5039
486.264;590.382;31.5277
485.249;590.357;31.5511
484.233;590.33;31.574
483.217;590.302;31.57
482.199;590.273;31.6178
481.181;590.241;31.6384
480.162;590.206;31.6581
479.143;590.168;31.6605
478.124;590.126;31.6947
477.104;590.079;31.7116
476.084;590.028;31.7026
475.064;589.973;31.743
474.043;589.911;31.7392
473.022;589.845;31.746
472.001;589.772;31.7838
470.98;589.693;31.7961
469.959;589.608;31.7832
468.938;589.516;31.8197
467.917;589.417;31.8316
466.897;589.312;31.8186
465.878;589.201;31.8315
464.858;589.082;31.8694
463.839;588.957;31.8573
462.82;588.826;31.8713
461.801;588.687;31.9121
460.783;588.543;31.9282
459.765;588.392;31.9452
458.748;588.235;31.9373
457.731;588.073;31.9549
456.714;587.905;32.0013
455.698;587.732;32.0218
454.681;587.555;32.0164
453.665;587.372;32.065
452.649;587.186;32.0872
451.633;586.996;32.1101
450.617;586.802;32.1064
449.6;586.604;32.1565
448.584;586.404;32.1795
447.567;586.2;32.1756
446.551;585.994;32.1985
445.534;585.784;32.2209
444.518;585.572;32.2694
443.501;585.356;32.291
442.484;585.137;32.2862
441.467;584.914;32.331
440.451;584.687;32.3495
439.435;584.455;32.3668
438.419;584.218;32.3823
437.405;583.976;32.3955
436.391;583.727;32.3832
435.379;583.471;32.4148
434.369;583.208;32.4204
433.36;582.938;32.4231
432.353;582.659;32.4009
431.349;582.371;32.398
430.347;582.074;32.4137
429.348;581.767;32.383
428.353;581.45;32.3925
427.361;581.123;32.3573
426.373;580.785;32.3419
425.39;580.437;32.3254
424.409;580.078;32.3071
423.434;579.709;32.2882
422.463;579.328;32.2696
421.497;578.936;32.2516
420.536;578.533;32.2356
419.58;578.119;32.2223
418.63;577.695;32.2363
417.684;577.26;32.2052
416.742;576.815;32.2019
415.805;576.359;32.203
414.873;575.892;32.205
413.946;575.415;32.2166
413.026;574.929;32.2504
412.111;574.435;32.2401
411.199;573.933;32.2877
410.29;573.423;32.2834
409.385;572.907;32.3207
408.482;572.384;32.3346
407.556;571.839;32.3909
406.622;571.282;32.4191
405.683;570.716;32.4439
404.76;570.153;32.4698
403.843;569.589;32.4673
402.927;569.022;32.4935
401.995;568.44;32.5192
401.067;567.858;32.544
400.134;567.268;32.5766
399.219;566.684;32.6121
398.305;566.095;32.6255
397.4;565.505;32.6127
396.494;564.909;32.6263
395.595;564.309;32.6364
394.681;563.691;32.6653
393.757;563.057;32.6627
392.848;562.421;32.6324
391.951;561.779;32.6103
391.061;561.126;32.5892
390.179;560.466;32.5335
389.291;559.783;32.4909
388.395;559.078;32.4151
387.499;558.355;32.336
386.616;557.622;32.2363
385.739;556.872;32.1179
384.872;556.104;31.986
384.015;555.32;31.8358
383.162;554.512;31.6744
382.32;553.684;31.5012
381.493;552.838;31.313
380.681;551.977;31.1329
379.876;551.089;30.9558
379.085;550.182;30.7717
378.312;549.26;30.5729
377.551;548.305;30.351
376.817;547.343;30.1245
376.12;546.38;29.9173
375.459;545.422;29.7296
374.815;544.446;29.5369
374.199;543.466;29.3554
373.611;542.485;29.1762
373.058;541.515;29.0007
372.552;540.577;28.8339
372.079;539.649;28.6581
371.631;538.718;28.4804
371.216;537.802;28.3386
370.641;536.438;28.1531
370.112;535.073;27.9745
369.632;533.707;27.8027
369.202;532.354;27.6549
368.825;531.018;27.4693
368.497;529.693;27.274
368.218;528.391;27.0927
367.98;527.09;26.9465
367.781;525.79;26.8623
367.62;524.489;26.7743
367.496;523.19;26.6763
367.411;521.892;26.6329
367.364;520.597;26.5787
367.354;519.305;26.5153
367.38;518.018;26.515
367.44;516.734;26.4744
367.531;515.454;26.4713
367.651;514.176;26.5007
367.799;512.902;26.4846
367.973;511.631;26.5343
368.172;510.363;26.5423
368.393;509.098;26.5638
368.635;507.836;26.629
368.897;506.576;26.6358
369.175;505.319;26.6766
369.47;504.063;26.7291
369.779;502.807;26.7559
370.101;501.554;26.827
370.437;500.302;26.8474
370.786;499.053;26.8715
371.148;497.805;26.9392
371.522;496.559;26.9746
371.91;495.315;27.0095
372.309;494.074;27.0149
372.722;492.834;27.0783
373.148;491.598;27.1129
373.586;490.363;27.1177
374.035;489.131;27.1528
374.497;487.902;27.1892
374.97;486.675;27.2253
375.453;485.45;27.2636
375.947;484.227;27.3159
376.449;483.006;27.3424
376.96;481.786;27.3839
377.478;480.567;27.4267
378.001;479.348;27.485
378.529;478.128;27.5143
379.059;476.908;27.559
379.592;475.685;27.6304
380.125;474.461;27.6469
380.656;473.234;27.6902
381.186;472.004;27.76
381.714;470.77;27.7758
382.237;469.533;27.8177
382.757;468.292;27.887
383.273;467.046;27.9285
383.785;465.797;27.9456
384.293;464.544;27.9896
384.797;463.287;28.0617
385.299;462.027;28.1075
385.799;460.763;28.1547
386.299;459.497;28.1751
386.8;458.229;28.249
387.304;456.96;28.2685
387.814;455.69;28.3388
388.332;454.422;28.3534
388.86;453.155;28.414
389.401;451.893;28.444
389.957;450.635;28.4449
390.529;449.383;28.4632
391.12;448.139;28.4748
391.73;446.903;28.4788
392.361;445.677;28.4798
393.013;444.462;28.4747
393.687;443.259;28.4681
394.384;442.068;28.4627
395.102;440.891;28.4564
395.843;439.727;28.4576
396.605;438.576;28.4615
397.389;437.44;28.4754
398.193;436.317;28.4967
399.016;435.207;28.5262
399.859;434.11;28.5663
400.722;433.022;28.6282
401.601;431.945;28.6613
402.495;430.88;28.747
403.401;429.823;28.7774
404.318;428.771;28.8689
405.244;427.724;28.9026
406.177;426.679;28.9937
407.118;425.632;29.0506
408.066;424.584;29.076
409.013;423.539;29.1279
409.962;422.496;29.1789
410.914;421.453;29.2571
411.87;420.41;29.3069
412.83;419.367;29.356
413.796;418.324;29.4004
414.77;417.279;29.4416
415.748;416.24;29.4525
416.73;415.208;29.4889
417.72;414.181;29.5231
418.718;413.16;29.5819
419.726;412.146;29.5851
420.745;411.139;29.6121
421.778;410.139;29.6595
422.82;409.15;29.6498
423.872;408.175;29.6935
424.934;407.213;29.7092
426.008;406.261;29.6987
427.094;405.321;29.7147
428.191;404.392;29.7584
429.303;403.474;29.7476
430.425;402.568;29.7924
431.554;401.677;29.8121
432.694;400.797;29.8068
433.842;399.926;29.8596
434.998;399.064;29.859
436.162;398.21;29.8893
437.334;397.361;29.9194
438.512;396.517;29.9484
439.69;395.679;30.0066
440.871;394.84;30.0081
442.052;394.001;30.0629
443.233;393.158;30.088
444.411;392.31;30.1104
445.586;391.455;30.1043
446.758;390.589;30.1178
447.921;389.716;30.128
449.075;388.832;30.1353
450.22;387.936;30.1639
451.357;387.029;30.1663
452.483;386.108;30.1677
453.599;385.175;30.1444
454.705;384.226;30.145
455.799;383.264;30.1435
456.878;382.289;30.17
457.946;381.302;30.173
459.003;380.303;30.1525
460.049;379.292;30.1621
461.084;378.27;30.1958
462.111;377.236;30.1809
463.128;376.191;30.2185
464.134;375.139;30.2319
465.133;374.079;30.2459
466.123;373.011;30.2339
467.107;371.935;30.2761
468.085;370.853;30.2647
469.057;369.764;30.3068
470.024;368.667;30.2927
470.983;367.568;30.3326
471.937;366.463;30.3181
472.886;365.353;30.3296
473.83;364.238;30.34
474.767;363.117;30.3491
475.699;361.987;30.3779
476.621;360.849;30.3508
477.531;359.709;30.3526
478.431;358.561;30.3753
479.323;357.404;30.3453
480.203;356.239;30.3604
481.07;355.064;30.3458
481.922;353.875;30.3017
482.756;352.674;30.2693
483.568;351.471;30.2375
484.362;350.256;30.2018
485.143;349.029;30.1764
485.902;347.791;30.1215
486.637;346.542;30.0609
487.345;345.276;29.9652
488.024;344.003;29.9041
488.676;342.724;29.8306
489.305;341.432;29.7446
489.91;340.131;29.6508
490.483;338.82;29.5323
491.022;337.5;29.4267
491.525;336.17;29.3152
491.997;334.835;29.1954
492.432;333.493;29.0769
492.835;332.144;28.956
493.204;330.79;28.8372
493.539;329.433;28.7171
493.84;328.073;28.6139
494.106;326.711;28.482
494.338;325.347;28.3611
494.531;323.984;28.2686
494.688;322.62;28.1355
494.81;321.258;28.0285
494.896;319.898;27.9191
494.946;318.541;27.7767
494.961;317.189;27.7232
494.939;315.842;27.6032
494.881;314.5;27.5
494.788;313.165;27.4212
494.659;311.838;27.3096
494.493;310.52;27.2294
494.292;309.212;27.1409
494.054;307.914;27.0555
493.781;306.627;26.9635
493.473;305.353;26.8806
493.13;304.093;26.8033
492.753;302.845;26.6997
492.342;301.612;26.6174
491.897;300.397;26.5432
491.418;299.197;26.4712
490.907;298.015;26.421
490.364;296.851;26.3597
489.789;295.706;26.2777
489.183;294.58;26.2478
488.546;293.475;26.1786
487.88;292.389;26.1618
487.187;291.325;26.1365
486.465;290.281;26.1168
485.716;289.257;26.0742
484.941;288.254;26.0703
484.142;287.271;26.0788
483.319;286.308;26.0921
482.473;285.365;26.1159
481.606;284.44;26.1502
480.719;283.532;26.2193
479.813;282.643;26.2667
478.888;281.767;26.2849
477.948;280.907;26.3388
476.992;280.062;26.3975
476.021;279.227;26.4592
475.038;278.404;26.5539
474.042;277.592;26.6194
473.034;276.789;26.6524
472.017;275.993;26.7517
470.989;275.206;26.7877
469.953;274.424;26.855
468.909;273.648;26.9547
467.857;272.877;27.0225
466.798;272.109;27.0912
465.734;271.344;27.13
464.664;270.581;27.228
463.589;269.819;27.2667
462.508;269.058;27.3631
461.423;268.299;27.4292
460.333;267.541;27.4941
459.239;266.785;27.5306
458.139;266.033;27.5942
457.031;265.285;27.6555
455.914;264.544;27.7387
454.789;263.811;27.7636
453.653;263.091;27.816
452.508;262.383;27.8335
451.353;261.691;27.8551
450.188;261.015;27.8674
449.01;260.358;27.8657
447.818;259.723;27.8533
446.613;259.115;27.8462
445.396;258.534;27.8228
444.167;257.98;27.7801
442.929;257.452;27.7537
441.682;256.95;27.7529
440.426;256.474;27.7357
439.155;256.027;27.708
437.873;255.614;27.6601
436.584;255.237;27.6621
435.287;254.891;27.6291
433.983;254.576;27.6233
432.674;254.289;27.6218
431.361;254.029;27.6364
430.039;253.798;27.6734
428.707;253.598;27.656
427.374;253.432;27.6886
426.039;253.299;27.7028
424.7;253.196;27.7176
423.359;253.122;27.7299
422.017;253.074;27.7242
420.675;253.054;27.7645
419.326;253.064;27.7499
417.978;253.105;27.7454
416.635;253.182;27.7562
415.295;253.29;27.7408
413.959;253.43;27.7052
412.627;253.602;27.6772
411.302;253.804;27.6451
409.982;254.038;27.5818
408.669;254.307;27.4847
407.371;254.608;27.3763
406.088;254.945;27.303
404.816;255.314;27.2397
403.558;255.716;27.1727
402.312;256.149;27.1215
401.08;256.613;27.0909
399.86;257.112;27.0407
398.654;257.641;27.0109
397.468;258.2;27.0142
396.296;258.789;26.9913
395.14;259.406;26.9953
393.999;260.05;27.0149
392.873;260.721;27.0325
391.76;261.415;27.0637
390.659;262.135;27.1284
389.569;262.878;27.1498
388.494;263.64;27.2284
387.431;264.421;27.2894
386.377;265.219;27.3281
385.332;266.034;27.4237
384.294;266.862;27.4956
383.262;267.704;27.5675
382.234;268.56;27.6122
381.211;269.428;27.7083
380.197;270.306;27.749
379.189;271.196;27.8139
378.189;272.099;27.904
377.196;273.015;27.9395
376.212;273.944;28.0198
375.239;274.888;28.0487
374.276;275.85;28.1209
373.327;276.828;28.1608
372.394;277.823;28.1758
371.477;278.834;28.2336
370.577;279.863;28.2623
369.695;280.91;28.2882
368.833;281.974;28.2897
367.991;283.057;28.3116
367.17;284.157;28.3537
366.371;285.275;28.375
365.594;286.41;28.3975
364.84;287.561;28.42
364.109;288.728;28.447
363.401;289.911;28.4777
362.716;291.109;28.4871
362.054;292.322;28.5531
361.414;293.551;28.5705
360.797;294.792;28.6452
360.202;296.046;28.7033
359.624;297.311;28.7391
359.063;298.587;28.8088
358.518;299.873;28.8849
357.986;301.169;28.9664
357.464;302.474;29.0821
356.952;303.788;29.1675
356.448;305.107;29.254
355.947;306.431;29.3099
355.447;307.76;29.3955
354.944;309.092;29.5086
354.436;310.427;29.5597
353.922;311.764;29.6668
353.399;313.104;29.712
352.867;314.446;29.781
352.327;315.783;29.874
351.779;317.119;29.9409
351.221;318.455;29.9805
350.65;319.791;30.0493
350.067;321.125;30.1471
349.471;322.458;30.2165
348.862;323.792;30.2843
348.243;325.123;30.3415
347.617;326.449;30.3532
346.984;327.771;30.342
346.344;329.09;30.3289
345.696;330.407;30.3614
345.039;331.723;30.4572
344.371;333.042;30.5249
343.697;334.36;30.5827
343.018;335.674;30.6259
342.334;336.987;30.7194
341.643;338.303;30.7877
340.944;339.619;30.8557
340.237;340.934;30.8967
339.521;342.251;30.9882
339.038;343.13;31.0268
338.554;344.007;31.0398
338.067;344.881;31.0791
337.576;345.755;31.1451
337.081;346.627;31.1855
336.581;347.5;31.1996
336.075;348.371;31.2645
335.564;349.241;31.3037
335.048;350.109;31.3427
334.526;350.975;31.3552
333.998;351.841;31.4167
333.465;352.706;31.4515
332.927;353.567;31.4612
332.386;354.425;31.4999
331.839;355.282;31.5622
331.286;356.137;31.5734
330.727;356.989;31.6349
330.162;357.839;31.6456
329.591;358.687;31.6812
329.013;359.531;31.7163
328.43;360.374;31.7503
327.839;361.215;31.8073
327.243;362.053;31.8135
326.643;362.886;31.8458
326.036;363.715;31.8789
325.423;364.542;31.9106
324.803;365.365;31.942
324.176;366.184;31.9728
323.543;367;32.028
322.903;367.812;32.0557
322.259;368.619;32.0845
321.605;369.425;32.1143
320.945;370.228;32.1405
320.279;371.025;32.1417
319.607;371.816;32.1683
318.927;372.602;32.1941
318.241;373.383;32.2194
317.548;374.16;32.2453
316.848;374.931;32.2708
316.142;375.697;32.2959
315.43;376.459;32.345
314.709;377.216;32.3692
313.979;377.969;32.3903
313.243;378.715;32.3837
312.502;379.453;32.4112
311.753;380.184;32.4184
310.997;380.908;32.4527
310.233;381.625;32.4407
309.463;382.335;32.4652
308.686;383.037;32.4644
307.902;383.732;32.4588
307.11;384.418;32.4337
306.31;385.095;32.4171
305.502;385.764;32.3934
304.688;386.421;32.3675
303.868;387.067;32.3465
303.04;387.703;32.3035
302.207;388.33;32.2711
301.366;388.946;32.2219
300.519;389.55;32.1757
299.665;390.143;32.1261
298.804;390.724;32.0764
297.937;391.293;32.0337
297.062;391.849;31.9721
296.182;392.392;31.9214
295.294;392.922;31.872
294.4;393.439;31.8352
293.5;393.942;31.7753
292.594;394.431;31.733
291.681;394.907;31.6938
290.763;395.37;31.6737
289.839;395.818;31.6261
288.909;396.252;31.6025
287.974;396.673;31.6041
287.034;397.081;31.5949
286.088;397.476;31.5717
285.138;397.857;31.6004
284.183;398.227;31.6152
283.223;398.585;31.6392
282.259;398.931;31.6452
281.291;399.267;31.683
280.318;399.594;31.7551
279.342;399.913;31.7791
278.363;400.224;31.861
277.38;400.53;31.8909
276.395;400.832;31.9763
275.408;401.131;32.0326
274.418;401.429;32.0857
273.427;401.729;32.1351
272.436;402.03;32.1802
271.444;402.336;32.1961
270.452;402.646;32.2337
269.461;402.961;32.2926
268.47;403.282;32.3245
267.48;403.61;32.3309
266.491;403.944;32.361
265.504;404.286;32.4155
264.518;404.634;32.4219
263.533;404.99;32.4792
262.549;405.353;32.5133
261.567;405.722;32.5244
260.587;406.098;32.5631
259.607;406.481;32.6303
258.628;406.87;32.6737
257.65;407.264;32.6933
256.673;407.663;32.7408
255.695;408.066;32.8162
254.718;408.472;32.8396
253.74;408.882;32.8902
252.761;409.293;32.9407
251.781;409.706;32.9905
250.8;410.118;33.0393
249.816;410.53;33.113
248.83;410.94;33.1556
247.842;411.349;33.2029
246.851;411.754;33.2457
245.858;412.156;33.2869
244.861;412.555;33.3019
243.861;412.948;33.3659
242.858;413.338;33.4036
241.851;413.722;33.4159
240.842;414.1;33.4778
239.828;414.474;33.5143
238.812;414.841;33.5509
237.792;415.202;33.5626
236.769;415.558;33.5992
235.742;415.907;33.6357
234.712;416.25;33.6721
233.678;416.586;33.7331
232.642;416.916;33.7696
231.602;417.239;33.8064
230.558;417.556;33.8186
229.512;417.866;33.8557
228.462;418.169;33.893
227.409;418.466;33.9553
226.353;418.756;33.9928
225.294;419.039;34.0307
224.232;419.316;34.0692
223.167;419.586;34.1078
222.099;419.849;34.122
221.028;420.106;34.187
219.954;420.357;34.2275
218.878;420.602;34.2433
217.799;420.84;34.3113
216.717;421.073;34.3545
215.633;421.3;34.3988
214.546;421.522;34.4182
213.457;421.74;34.4903
212.365;421.952;34.5113
211.271;422.161;34.5851
210.175;422.365;34.6072
209.077;422.566;34.6801
207.976;422.764;34.7305
206.873;422.959;34.7534
205.769;423.151;34.8286
204.662;423.341;34.8776
203.554;423.529;34.9006
202.443;423.715;34.9493
201.331;423.899;35.0236
200.217;424.081;35.0716
199.101;424.261;35.1196
197.983;424.439;35.142
196.863;424.615;35.1894
195.741;424.788;35.2616
194.618;424.959;35.308
193.492;425.127;35.3288
192.365;425.292;35.399
191.235;425.454;35.4437
190.104;425.612;35.4875
188.97;425.766;35.5307
187.835;425.915;35.5487
186.697;426.06;35.5907
185.558;426.201;35.6324
184.416;426.336;35.6984
183.273;426.467;35.7396
182.127;426.592;35.7809
180.98;426.712;35.8226
179.831;426.827;35.8647
178.68;426.937;35.9074
177.527;427.042;35.951
176.372;427.142;35.9702
175.216;427.238;36.0407
174.058;427.33;36.087
172.897;427.418;36.1087
171.736;427.503;36.1567
170.572;427.585;36.2311
169.407;427.665;36.2548
168.24;427.743;36.3297
167.072;427.821;36.3536
165.902;427.899;36.4274
164.73;427.977;36.4752
163.557;428.057;36.4972
162.383;428.14;36.5672
161.208;428.225;36.6109
160.031;428.313;36.6535
158.853;428.405;36.6706
157.674;428.503;36.7342
156.495;428.605;36.7492
155.314;428.712;36.7871
154.133;428.825;36.8246
152.951;428.943;36.8619
151.768;429.067;36.8991
150.585;429.198;36.9612
149.401;429.334;37
148.217;429.476;37.0153
147.032;429.624;37.056
145.846;429.777;37.1227
144.659;429.936;37.1414
143.472;430.099;37.1862
142.284;430.267;37.2324
141.095;430.438;37.2793
139.906;430.613;37.3528
138.715;430.791;37.4013
137.523;430.971;37.4501
136.329;431.153;37.4735
135.134;431.336;37.5218
133.938;431.518;37.5933
132.74;431.701;37.6166
131.541;431.882;37.6879
130.339;432.062;37.7082
129.136;432.24;37.7777
127.931;432.415;37.7968
126.725;432.588;37.865
125.516;432.757;37.9079
124.306;432.923;37.926
123.093;433.086;37.9688
121.879;433.246;38.0116
120.663;433.402;38.0795
119.445;433.554;38.0982
118.226;433.703;38.1421
117.004;433.849;38.1866
115.781;433.992;38.2564
114.556;434.132;38.2769
113.329;434.269;38.3478
112.1;434.404;38.394
110.87;434.537;38.4406
109.638;434.669;38.4873
108.404;434.799;38.534
107.169;434.929;38.5557
105.933;435.058;38.6023
104.695;435.187;38.6486
103.455;435.316;38.6947
102.214;435.446;38.7406
100.971;435.576;38.811
99.7275;435.707;38.8565
98.4822;435.839;38.8773
97.2355;435.972;38.9474
95.9875;436.105;38.9682
94.7381;436.239;39.0385
93.4871;436.374;39.084
92.2348;436.509;39.1049
90.9811;436.644;39.1503
89.7257;436.778;39.1955
88.4688;436.911;39.2639
87.2103;437.042;39.2834
85.9502;437.171;39.3494
84.6883;437.296;39.3665
83.4247;437.418;39.4284
82.1595;437.535;39.4643
80.8926;437.647;39.4974
79.6241;437.752;39.5052
78.3539;437.851;39.5313
77.0822;437.942;39.5743
75.8091;438.024;39.5716
74.5347;438.097;39.5855
73.2591;438.16;39.5948
71.9825;438.213;39.5995
70.7049;438.255;39.5997
69.4268;438.285;39.5957
68.1483;438.303;39.5882
66.8694;438.309;39.5776
65.5905;438.303;39.5837
64.3117;438.283;39.5682
63.0332;438.251;39.5311
61.7553;438.204;39.5131
60.478;438.144;39.4948
59.2017;438.071;39.4989
57.926;437.984;39.4852
56.652;437.883;39.4737
55.3793;437.768;39.4658
54.1079;437.641;39.4399
52.838;437.499;39.4412
51.5697;437.344;39.4485
50.3026;437.177;39.4862
49.0372;436.997;39.5079
47.7735;436.805;39.5119
46.5108;436.602;39.573
45.2492;436.388;39.5887
43.9884;436.164;39.6638
42.7281;435.931;39.7173
41.4683;435.69;39.7474
40.2082;435.442;39.8073
38.948;435.189;39.896
37.6872;434.932;39.9286
36.4252;434.673;39.9861
35.1616;434.413;40.0395
33.8963;434.154;40.0878
32.6289;433.898;40.1568
31.3594;433.645;40.169
30.0874;433.397;40.2286
28.8134;433.155;40.2598
27.5372;432.918;40.2639
26.2586;432.688;40.2936
24.9777;432.464;40.351
23.6946;432.246;40.3592
22.4092;432.033;40.3975
21.1214;431.826;40.4666
19.8317;431.624;40.4873
18.5401;431.425;40.5383
17.2468;431.229;40.5916
15.9519;431.033;40.6686
14.6557;430.836;40.7168
13.3586;430.636;40.7373
12.0608;430.431;40.772
10.7629;430.219;40.7955
9.46562;429.999;40.8243
8.16998;429.769;40.8207
6.8758;429.528;40.8029
5.58386;429.275;40.755
4.2947;429.009;40.727
3.00873;428.73;40.6536
1.72653;428.437;40.5855
0.448553;428.128;40.522
-0.824871;427.805;40.4338
-2.092;427.467;40.3475
-3.35362;427.114;40.2396
-4.60963;426.746;40.1598
-5.85935;426.363;40.0435
-7.10224;425.964;39.9631
-8.33827;425.549;39.8668
-9.56706;425.117;39.7492
-10.7872;424.669;39.6799
-11.9985;424.205;39.6035
-13.2017;423.725;39.5345
-14.396;423.231;39.4788
-15.5817;422.719;39.4174
-16.7594;422.193;39.3635
-17.9277;421.65;39.3109
-19.0865;421.09;39.3176
-20.2357;420.515;39.3138
-21.3754;419.927;39.3261
-22.507;419.326;39.3248
-23.6314;418.711;39.3637
-24.7491;418.085;39.4283
-25.8611;417.447;39.45
-26.9665;416.796;39.5
-28.0652;416.134;39.5736
-29.1557;415.461;39.6251
-30.2406;414.778;39.6772
-31.3209;414.087;39.7013
-32.3971;413.388;39.7769
-33.4699;412.683;39.8248
-34.5402;411.972;39.844
-35.6111;411.251;39.9046
-36.6789;410.525;39.9248
-37.7402;409.794;39.9172
-38.7965;409.059;39.8935
-39.8474;408.319;39.833
-40.8916;407.575;39.7369
-41.9294;406.826;39.5976
-42.9607;406.068;39.4165
-43.9784;405.308;39.2042
-44.9807;404.544;38.8865
-45.9698;403.775;38.6321
-46.9454;403.002;38.4584
-47.9068;402.224;38.0638
-48.8531;401.441;37.8562
-49.7852;400.65;37.3878
-50.7017;399.846;37.1329
-51.5954;399.04;36.6569
-52.4635;398.231;36.4003
-53.3154;397.415;36.0528
-54.1513;396.596;35.6776
-54.9698;395.773;35.1891
-55.7689;394.945;34.7205
-56.5448;394.104;34.3116
-57.2995;393.259;33.8158
-58.0254;392.415;33.3715
-58.732;391.566;32.9246
-59.4194;390.713;32.5236
-60.0851;389.855;31.965
-60.7311;388.994;31.7854
-61.3577;388.131;31.4153
-61.9671;387.265;30.9764
-62.551;386.389;30.5042
-63.1127;385.509;30.0447
-63.6443;384.632;29.6311
-64.1498;383.755;29.2486
-64.6329;382.877;28.9172
-65.3193;381.561;28.4721
-65.9615;380.244;28.0188
-66.5544;378.925;27.5703
-67.0924;377.606;27.1197
-67.5763;376.29;26.6479
-68.0042;374.987;26.2654
-68.3804;373.692;25.8971
-68.7059;372.408;25.5247
-68.9807;371.134;25.2082
-69.2051;369.872;24.9275
-69.3797;368.622;24.6829
-69.5055;367.385;24.4621
-69.5836;366.161;24.27
-69.6157;364.95;24.1099
-69.6037;363.752;23.995
-69.5505;362.567;23.9092
-69.4579;361.392;23.8408
-69.3307;360.226;23.8548
-69.1706;359.069;23.8879
-68.9835;357.918;23.9605
-68.7766;356.771;24.0468
-68.5609;355.624;24.1074
-68.3479;354.475;24.1615
-68.1499;353.324;24.1641
-67.9772;352.17;24.1055
-67.8322;351.017;23.9526
-67.7206;349.869;23.7357
-67.6428;348.726;23.4818
-67.5997;347.589;23.2587
-67.5938;346.458;23.0428
-67.6264;345.335;22.7918
-67.6968;344.222;22.5181
-67.8085;343.123;22.2758
-67.9604;342.038;22.0166
-68.1509;340.97;21.756
-68.3815;339.921;21.5354
-68.6512;338.891;21.2963
-68.9579;337.883;21.1065
-69.3024;336.899;20.9203
-69.6839;335.938;20.7483
-70.0996;335.002;20.6006
-70.5497;334.092;20.4566
-71.0338;333.208;20.3475
-71.5491;332.35;20.2779
-72.2833;331.249;20.2039
-73.0701;330.194;20.1098
-73.9015;329.187;20.0149
-74.7738;328.23;19.9819
-75.6885;327.311;20.0553
-76.6396;326.427;20.117
-77.6233;325.57;20.2921
-78.6346;324.731;20.4367
-79.6639;323.901;20.5839
-80.7031;323.069;20.7211
-81.4851;322.439;20.782
-82.2664;321.8;20.9055
-83.045;321.152;20.9869
-83.8192;320.493;21.0635
-84.5883;319.823;21.1364
-85.3514;319.14;21.177
-86.108;318.445;21.2465
-86.8581;317.739;21.3156
-87.6019;317.02;21.415
-88.3391;316.291;21.4243
-89.068;315.555;21.4053
-89.7894;314.813;21.3846
-90.5046;314.066;21.3852
-91.2167;313.312;21.4337
-91.9272;312.554;21.4874
-92.6376;311.792;21.5683
-93.3493;311.028;21.6029
-94.064;310.262;21.663
-94.7829;309.496;21.7499
-95.5068;308.731;21.8116
-96.2365;307.968;21.8471
-96.973;307.206;21.936
-97.7168;306.448;21.9983
-98.4684;305.693;22.0545
-99.2283;304.942;22.0954
-99.9969;304.196;22.1857
-100.774;303.455;22.221
-101.561;302.718;22.2842
-102.356;301.986;22.3475
-103.16;301.26;22.4112
-103.973;300.54;22.4464
-104.791;299.827;22.4262
-105.615;299.122;22.4043
-106.444;298.424;22.3881
-107.278;297.734;22.387
-108.118;297.05;22.3967
-108.964;296.372;22.4155
-109.816;295.701;22.4259
-110.674;295.034;22.4572
-111.537;294.373;22.5147
-112.407;293.716;22.5591
-113.283;293.063;22.6077
-114.164;292.414;22.6602
-115.052;291.77;22.71
-115.946;291.129;22.7747
-116.848;290.491;22.8088
-117.755;289.857;22.8714
-118.667;289.227;22.9646
-119.586;288.6;23.0025
-120.51;287.977;23.0707
-121.441;287.356;23.1708
-122.378;286.74;23.1788
-123.317;286.128;23.1636
-124.26;285.522;23.1423
-125.205;284.921;23.1918
-126.156;284.323;23.2878
-127.114;283.727;23.3442
-128.079;283.134;23.4743
-129.051;282.543;23.5641
-130.029;281.955;23.6518
-131.013;281.369;23.7374
-132.004;280.786;23.7859
-133.002;280.206;23.9016
-134.006;279.63;23.9809
-135.016;279.058;24.0582
-136.034;278.49;24.1339
-137.057;277.927;24.2081
-138.088;277.369;24.249
-139.126;276.816;24.3203
-140.171;276.27;24.3903
-141.223;275.73;24.489
-142.282;275.198;24.5562
-143.349;274.673;24.6224
-144.423;274.156;24.6574
-145.505;273.646;24.7225
-146.593;273.145;24.7873
-147.689;272.652;24.8823
-148.791;272.167;24.9169
-149.901;271.689;25.0123
-151.017;271.22;25.0477
-152.14;270.757;25.1138
-153.268;270.301;25.1808
-154.403;269.851;25.2786
-155.543;269.405;25.347
-156.688;268.964;25.416
-157.838;268.526;25.4853
-158.992;268.089;25.5548
-160.149;267.652;25.5948
-161.31;267.215;25.6931
-162.474;266.775;25.7325
-163.639;266.331;25.829
-164.807;265.883;25.8671
-165.975;265.429;25.9332
-167.145;264.969;26.0268
-168.315;264.502;26.0916
-169.486;264.028;26.1558
-170.657;263.545;26.2199
-171.828;263.055;26.2836
-172.999;262.557;26.3191
-174.169;262.049;26.382
-175.338;261.532;26.4714
-176.507;261.006;26.5334
-177.674;260.47;26.5944
-178.84;259.924;26.6278
-180.004;259.367;26.6879
-181.166;258.799;26.7743
-182.326;258.22;26.8331
-183.483;257.629;26.8917
-184.637;257.027;26.9501
-185.788;256.412;27.0081
-186.936;255.786;27.0392
-188.08;255.147;27.0973
-189.221;254.496;27.156
-190.358;253.834;27.2431
-191.492;253.16;27.304
-192.623;252.476;27.3658
-193.751;251.781;27.4214
-194.877;251.076;27.4646
-196;250.361;27.5284
-197.12;249.637;27.5925
-198.239;248.904;27.6845
-199.355;248.162;27.7484
-200.47;247.412;27.7844
-201.582;246.652;27.8479
-202.691;245.884;27.9383
-203.799;245.107;28.0003
-204.903;244.321;28.034
-206.003;243.524;28.1191
-207.099;242.717;28.1497
-208.19;241.898;28.2309
-209.275;241.067;28.2583
-210.353;240.223;28.3358
-211.425;239.366;28.3857
-212.489;238.496;28.4341
-213.544;237.612;28.481
-214.591;236.714;28.5158
-215.627;235.802;28.5734
-216.655;234.875;28.594
-217.673;233.934;28.6679
-218.68;232.979;28.6902
-219.678;232.011;28.7394
-220.666;231.029;28.7893
-221.644;230.033;28.8402
-222.613;229.025;28.8926
-223.571;228.004;28.9735
-224.521;226.972;29.0287
-225.462;225.927;29.0576
-226.394;224.872;29.1145
-227.318;223.805;29.1995
-228.234;222.728;29.2306
-229.142;221.641;29.3177
-230.044;220.544;29.3502
-230.938;219.438;29.4109
-231.826;218.323;29.5002
-232.708;217.199;29.5621
-233.584;216.067;29.6246
-234.455;214.928;29.6878
-235.321;213.781;29.723
-236.184;212.627;29.8151
-237.042;211.467;29.8508
-237.897;210.3;29.9434
-238.75;209.127;29.9793
-239.599;207.949;30.0709
-240.446;206.764;30.1341
-241.289;205.574;30.1968
-242.13;204.378;30.259
-242.966;203.176;30.3203
-243.799;201.967;30.3807
-244.627;200.751;30.4121
-245.448;199.528;30.4688
-246.262;198.298;30.4794
-247.065;197.062;30.4541
-247.857;195.82;30.4193
-248.637;194.572;30.4472
-249.404;193.313;30.4614
-250.158;192.044;30.4962
-250.897;190.765;30.5517
-251.621;189.475;30.5592
-252.329;188.174;30.6092
-253.02;186.863;30.6352
-253.692;185.54;30.6377
-254.347;184.207;30.6858
-254.982;182.864;30.7092
-255.598;181.51;30.7095
-256.194;180.146;30.7329
-256.77;178.772;30.7573
-257.326;177.388;30.7833
-257.862;175.996;30.8337
-258.378;174.594;30.8381
-258.874;173.183;30.8681
-259.35;171.765;30.9
-259.807;170.338;30.934
-260.244;168.904;30.9688
-260.526;167.943;30.9927
-260.798;166.98;31.0431
-261.063;166.013;31.0441
-261.32;165.044;31.0972
-261.57;164.072;31.125
-261.811;163.096;31.1273
-262.045;162.118;31.1555
-262.271;161.138;31.2093
-262.49;160.154;31.2388
-262.702;159.169;31.2426
-262.907;158.181;31.2724
-263.105;157.19;31.3282
-263.296;156.197;31.3325
-263.48;155.202;31.3632
-263.658;154.205;31.4206
-263.829;153.205;31.426
-263.994;152.204;31.484
-264.152;151.2;31.4899
-264.305;150.195;31.5223
-264.451;149.187;31.5816
-264.592;148.178;31.615
-264.727;147.167;31.6485
-264.856;146.154;31.682
-264.98;145.139;31.7153
-265.098;144.122;31.7492
-265.211;143.104;31.7565
-265.318;142.084;31.8158
-265.42;141.063;31.8227
-265.517;140.04;31.8548
-265.608;139.015;31.8861
-265.693;137.989;31.9169
-265.772;136.962;31.9471
-265.844;135.933;32.0006
-265.91;134.902;32.0275
-265.97;133.871;32.0528
-266.021;132.838;32.0524
-266.066;131.804;32.0749
-266.102;130.769;32.1197
-266.13;129.733;32.1148
-266.149;128.696;32.1391
-266.159;127.658;32.1457
-266.16;126.62;32.1802
-266.15;125.581;32.191
-266.131;124.542;32.1997
-266.101;123.503;32.1838
-266.061;122.464;32.189
-266.009;121.425;32.2152
-265.947;120.387;32.2175
-265.873;119.349;32.22
-265.788;118.312;32.1989
-265.691;117.275;32.2243
-265.583;116.24;32.2032
-265.463;115.205;32.23
-265.332;114.172;32.2344
-265.189;113.14;32.2409
-265.035;112.11;32.2247
-264.869;111.08;32.261
-264.693;110.053;32.2747
-264.506;109.027;32.2651
-264.309;108.002;32.31
-264.102;106.979;32.3319
-263.884;105.957;32.3573
-263.658;104.936;32.3855
-263.423;103.917;32.3888
-263.179;102.899;32.4217
-262.928;101.881;32.4844
-262.67;100.865;32.4931
-262.405;99.8487;32.5313
-262.135;98.8331;32.599
-261.859;97.8177;32.6316
-261.579;96.8023;32.6799
-261.295;95.7868;32.7206
-261.008;94.7708;32.7333
-260.717;93.7543;32.8021
-260.425;92.7371;32.8424
-260.131;91.7191;32.8546
-259.836;90.7001;32.9217
-259.54;89.6802;32.9608
-259.243;88.6593;32.9721
-258.944;87.6373;33.0107
-258.645;86.6144;33.076
-258.345;85.5905;33.1139
-258.043;84.5658;33.1246
-257.74;83.5403;33.1879
-257.434;82.5143;33.2236
-257.125;81.488;33.2582
-256.813;80.4616;33.2912
-256.497;79.4353;33.3228
-256.176;78.4094;33.3277
-255.85;77.3841;33.3794
-255.518;76.3599;33.4033
-255.179;75.3369;33.4008
-254.832;74.3157;33.4184
-254.478;73.2966;33.4545
-254.115;72.28;33.4646
-253.743;71.2661;33.4492
-253.362;70.2554;33.4533
-252.971;69.2481;33.4521
-252.569;68.2447;33.4481
-252.157;67.2456;33.4613
-251.734;66.2511;33.4499
-251.3;65.2616;33.4148
-250.854;64.2774;33.42
-250.397;63.2987;33.4015
-249.928;62.326;33.3811
-249.447;61.3595;33.3382
-248.954;60.3996;33.3148
-248.45;59.4466;33.2904
-247.933;58.5006;33.2653
-247.404;57.5619;33.263
-246.863;56.6307;33.2178
-246.311;55.7072;33.1946
-245.746;54.7917;33.1722
-245.17;53.8843;33.173
-244.581;52.9852;33.1311
-243.982;52.0945;33.1128
-243.371;51.2122;33.1212
-242.748;50.3384;33.1087
-242.115;49.4732;33.075
-241.47;48.6166;33.0669
-240.815;47.7688;33.061
-240.149;46.9298;33.082
-239.473;46.0993;33.0822
-238.787;45.2774;33.0848
-238.091;44.464;33.0893
-237.385;43.6592;33.0709
-236.669;42.8629;33.1037
-235.944;42.0751;33.0882
-235.21;41.2955;33.1247
-234.467;40.5241;33.1383
-233.716;39.7606;33.1531
-232.956;39.0052;33.143
-232.188;38.2576;33.1596
-231.412;37.5178;33.2025
-230.628;36.7857;33.22
-229.836;36.0614;33.2385
-229.037;35.3445;33.2316
-228.23;34.6351;33.2779
-227.417;33.933;33.298
-226.596;33.2383;33.318
-225.768;32.551;33.338
-224.933;31.8712;33.358
-224.092;31.1986;33.3519
-223.244;30.5333;33.3733
-222.39;29.8752;33.4216
-221.529;29.2241;33.417
-220.662;28.5802;33.4662
-219.789;27.9434;33.4891
-218.911;27.3136;33.4857
-218.026;26.6907;33.5095
-217.135;26.0748;33.5338
-216.239;25.4656;33.5873
-215.338;24.8628;33.6145
-214.431;24.2663;33.6429
-213.52;23.676;33.6723
-212.603;23.0916;33.7027
-211.682;22.513;33.7064
-210.756;21.94;33.7657
-209.825;21.3725;33.7878
-208.891;20.81;33.8318
-207.952;20.2522;33.8383
-207.01;19.6991;33.8727
-206.063;19.1505;33.9071
-205.113;18.6062;33.9587
-204.159;18.0662;34.0019
-203.202;17.5305;34.0083
-202.241;16.9993;34.0671
-201.276;16.4723;34.0989
-200.308;15.9499;34.1037
-199.336;15.4322;34.1333
-198.361;14.9196;34.1612
-197.381;14.4125;34.212
-196.398;13.9113;34.2113
-195.41;13.4163;34.2328
-194.419;12.9282;34.2748
-193.423;12.4475;34.2907
-192.423;11.9744;34.3039
-191.418;11.5095;34.291
-190.409;11.0534;34.32
-189.395;10.6066;34.3225
-188.377;10.1695;34.2999
-187.354;9.74305;34.3162
-186.327;9.32738;34.2865
-185.295;8.92309;34.2742
-184.259;8.53039;34.2598
-183.219;8.14965;34.2634
-182.174;7.78129;34.2432
-181.126;7.42566;34.2207
-180.073;7.08305;34.1632
-179.017;6.75371;34.171
-177.958;6.43785;34.1236
-176.895;6.13566;34.1183
-175.828;5.84727;34.0926
-174.759;5.57277;34.0678
-173.687;5.31223;34.011
-172.612;5.0657;33.9998
-171.535;4.8332;34.0036
-170.455;4.61465;33.9883
-169.373;4.40988;33.9526
-168.289;4.21879;33.9695
-167.18;4.03754;33.9425
-165.955;3.85426;33.9445
-164.713;3.68508;33.985
-163.459;3.53086;33.9722
-162.183;3.39008;34.0298
-160.922;3.26582;34.0296
-159.672;3.15617;34.0675
-158.391;3.05645;34.1117
-157.121;2.96871;34.1602
-155.847;2.89012;34.2465
-154.57;2.81895;34.3001
-153.296;2.75355;34.3201
-152.038;2.69254;34.3724
-150.805;2.63422;34.4545
-149.554;2.57484;34.4997
-148.327;2.51477;34.511
-147.117;2.45246;34.5794
-145.921;2.38684;34.5855
-144.729;2.31656;34.6187
-143.545;2.24137;34.6771
-142.387;2.16219;34.7061
-141.252;2.07895;34.7077
-140.092;1.98773;34.7367
-138.974;1.8941;34.7649
-137.855;1.79457;34.7938
-136.736;1.68937;34.8237
-135.616;1.57852;34.8815
-134.497;1.46246;34.8873
-133.376;1.34141;34.9211
-132.256;1.21574;34.983
-131.134;1.08602;34.9923
-130.012;0.952891;35.0483
-128.889;0.816875;35.0674
-127.765;0.678711;35.1055
-126.64;0.539062;35.1702
-125.514;0.398711;35.1808
-124.387;0.258398;35.2174
-123.259;0.118906;35.253
-122.129;-0.0191016;35.2873
-120.998;-0.155;35.3464
-119.866;-0.288203;35.3524
-118.732;-0.418203;35.4087
-117.596;-0.544492;35.4129
-116.46;-0.66668;35.4668
-115.321;-0.784375;35.4944
-114.182;-0.897227;35.4963
-113.041;-1.005;35.5479
-111.898;-1.10742;35.5491
-110.755;-1.20445;35.5751
-109.61;-1.29582;35.601
-108.463;-1.38152;35.6519
-107.316;-1.46141;35.6663
-106.167;-1.53551;35.7046
-105.017;-1.60379;35.7064
-103.865;-1.66641;35.7589
-102.713;-1.72332;35.7758
-101.559;-1.77473;35.79
-100.404;-1.8207;35.8192
-99.2484;-1.86148;35.8746
-98.0913;-1.8973;35.9051
-96.9332;-1.92832;35.9106
-95.7739;-1.9548;35.9422
-94.6136;-1.97699;36.0003
-93.4522;-1.9952;36.0071
-92.2544;-2.01004;36.0412
-91.0429;-2.02141;36.0761
-89.8126;-2.02957;36.1119
-88.6012;-2.03461;36.1472
-87.3787;-2.03707;36.2102
-86.1615;-2.03715;36.2187
-84.9405;-2.03516;36.281
-83.737;-2.03137;36.2894
-82.5193;-2.02605;36.3248
-81.3158;-2.01953;36.3597
-80.1131;-2.01187;36.3945
-78.8966;-2.00316;36.4559
-77.688;-1.99363;36.4642
-76.4854;-1.98328;36.4985
-75.3015;-1.97242;36.5582
-74.1058;-1.96074;36.5662
-72.9044;-1.94828;36.6001
-71.6985;-1.93512;36.6606
-70.4857;-1.92113;36.6682
-69.2662;-1.90637;36.7284
-68.0614;-1.89113;36.762
-66.8561;-1.87516;36.7696
-65.651;-1.85852;36.8289
-64.4517;-1.84129;36.8622
-63.2417;-1.82328;36.8954
-62.0412;-1.80477;36.9028
-60.8278;-1.78559;36.9362
-59.6356;-1.76621;36.9945
-58.4315;-1.74633;37.002
-57.2315;-1.72621;37.0607
-56.0182;-1.70566;37.0934
-54.8218;-1.68539;37.126
-53.6244;-1.66512;37.1585
-52.425;-1.645;37.1909
-51.2255;-1.62516;37.198
-50.0249;-1.60555;37.2557
-48.8233;-1.58629;37.2787
-47.6206;-1.56742;37.3109
-46.4169;-1.54898;37.327
-45.2122;-1.53098;37.3592
-44.0064;-1.51336;37.4166
-42.7995;-1.49605;37.4235
-41.5916;-1.47914;37.4808
-40.3827;-1.46242;37.4877
-39.1727;-1.44582;37.545
-37.9617;-1.4293;37.5517
-36.7497;-1.41266;37.6089
-35.5366;-1.39578;37.6156
-34.3225;-1.37855;37.6474
-33.1074;-1.36086;37.6792
-31.8913;-1.34258;37.7109
-30.6742;-1.32355;37.7677
-29.456;-1.30375;37.774
-28.2369;-1.28301;37.8306
-27.0168;-1.26137;37.862
-25.7956;-1.23867;37.8934
-24.5735;-1.21496;37.8996
-23.3504;-1.1902;37.956
-22.1263;-1.16437;37.9874
-20.9012;-1.13758;38.0187
-19.6751;-1.10973;38.0501
-18.448;-1.08102;38.0814
-17.22;-1.05148;38.0877
-15.9909;-1.02113;38.1442
-14.7609;-0.990117;38.1756
-13.5298;-0.958555;38.1818
-12.2978;-0.926562;38.2383
-11.0647;-0.89418;38.2697
-9.83067;-0.861602;38.2759
-8.59561;-0.828945;38.3071
-7.35955;-0.796289;38.3384
-6.12248;-0.763711;38.3947
-4.8844;-0.731406;38.4258
-3.64529;-0.699375;38.4568
-2.40519;-0.667734;38.4876
