1.03542;-3.90625e-05;2.92122
2.05783;-3.90625e-05;3.02411
3.09127;-3.90625e-05;2.83929
4.12906;0;3.05652
5.18315;0.00015625;3.4983
6.19252;0.000820312;3.87075
7.23474;0.00128906;4.20124
8.29974;0.001875;4.58447
9.30268;0.00238281;4.98332
10.3853;0.00289063;5.3738
11.4674;0.00335937;5.81537
12.5312;0.00378906;6.13882
13.5475;0.00417969;6.46121
14.6052;0.00496094;6.66458
15.7102;0.00570312;6.98558
16.7519;0.00640625;7.34946
17.8409;0.00710937;7.62774
18.9444;0.0078125;7.66348
19.9624;0.0084375;8.15214
21.0416;0.0090625;8.56476
22.1799;0.0096875;9.07386
23.2228;0.0105078;9.39932
24.3082;0.0113281;9.77135
25.4349;0.0121484;10.1868
26.6018;0.0129687;10.4862
27.6334;0.0136719;10.8336
28.6932;0.014375;11.0727
29.7809;0.0153516;11.3584
30.896;0.0162891;11.6889
32.038;0.0172266;11.9153
33.2061;0.0181641;12.18
34.399;0.0191406;12.4289
35.41;0.0201172;12.6382
36.4303;0.0210938;12.6592
37.4499;0.0220703;12.6445
38.464;0.0230469;12.4631
39.658;0.0242187;12.1872
40.8252;0.0251953;11.9491
41.9655;0.0261328;11.6366
43.0819;0.0270703;11.4165
44.1801;0.0280078;11.2666
45.2668;0.0289453;11.1932
46.3484;0.0301172;11.1689
47.4307;0.0313281;11.2032
48.5151;0.0325;11.1979
49.5981;0.0336719;11.2332
50.6977;0.0348438;11.4717
51.8247;0.0360547;11.7564
52.9788;0.0374609;12.0368
54.1596;0.0388672;12.3619
55.1638;0.0400781;12.5409
56.1862;0.0414844;12.7662
57.2266;0.0428516;13.0367
58.2849;0.0442187;13.2575
59.361;0.045625;13.4295
60.4542;0.0471875;13.6317
61.552;0.04875;13.6156
62.6497;0.0503125;13.6502
63.7628;0.051875;13.9461
64.8953;0.0534375;14.1828
66.0465;0.055;14.3638
67.2159;0.0566016;14.588
68.403;0.0583594;14.8525
69.6074;0.0601172;15.0641
70.8288;0.061875;15.2262
72.0665;0.0636328;15.429
73.0684;0.0650391;15.5883
74.0804;0.0665234;15.7451
75.1025;0.0680859;15.9418
76.1344;0.0696484;16.0523
77.1762;0.0712109;16.2442
78.2275;0.0727734;16.352
79.2885;0.0743359;16.5399
80.3589;0.0760156;16.6455
81.4386;0.0777734;16.8301
82.5277;0.0794922;16.9337
83.6269;0.0812109;17.0762
84.7343;0.0829297;17.2176
85.8508;0.0847266;17.3971
86.9778;0.0866016;17.5366
88.1123;0.0884766;17.6752
89.2558;0.0903516;17.7747
90.4081;0.0922266;17.912
91.5692;0.0941406;18.0487
92.7394;0.0961719;18.1848
93.9181;0.0982031;18.3583
95.1055;0.100234;18.4931
96.3017;0.102266;18.5897
97.5064;0.104297;18.7237
98.7198;0.106445;18.8572
99.9417;0.108633;18.9894
101.172;0.11082;19.1569
102.411;0.113008;19.2482
103.658;0.115195;19.3754
104.913;0.117383;19.5383
106.176;0.119727;19.665
107.448;0.12207;19.7914
108.727;0.124453;19.8815
110.015;0.126797;20.043
111.311;0.129297;20.1667
112.615;0.131797;20.2878
113.926;0.134297;20.3735
115.246;0.136797;20.492
116.572;0.139453;20.6063
117.906;0.142109;20.7178
118.911;0.144102;20.8284
119.92;0.146094;20.8728
120.932;0.148086;20.9396
121.947;0.150078;20.9966
122.965;0.15207;21.06
123.984;0.154102;21.0772
125.004;0.156211;21.0831
126.023;0.15832;21.0682
127.042;0.16043;21.0521
128.06;0.162539;21.0206
129.074;0.164648;20.942
130.087;0.16668;20.9029
131.096;0.16875;20.8563
132.105;0.170859;20.8366
133.113;0.172969;20.8255
134.121;0.175078;20.8271
135.129;0.177188;20.8392
136.138;0.179297;20.8604
137.148;0.181406;20.8895
138.16;0.183555;20.9254
139.174;0.185742;20.9673
140.191;0.187969;21.0144
141.209;0.190195;21.089
142.23;0.192422;21.1222
143.255;0.194688;21.182
144.282;0.197031;21.2714
145.312;0.199375;21.3112
146.344;0.201719;21.3461
147.377;0.204062;21.331
148.408;0.206406;21.3153
149.44;0.20875;21.3734
150.476;0.211133;21.4749
151.516;0.213594;21.5377
152.562;0.216055;21.6383
153.612;0.218516;21.7385
154.668;0.220977;21.876
155.728;0.223477;21.9371
156.792;0.226055;22.0735
157.862;0.228633;22.1715
158.936;0.231211;22.2315
160.015;0.233789;22.3662
161.099;0.236367;22.4257
162.187;0.239062;22.5221
163.28;0.241758;22.6182
164.377;0.244453;22.7511
165.48;0.247148;22.8464
166.586;0.249844;22.9045
167.698;0.252578;22.9993
168.813;0.255391;23.065
169.928;0.258203;23.051
171.043;0.261016;23.0339
172.157;0.263828;23.0974
173.277;0.266641;23.1688
174.402;0.269453;23.2821
175.532;0.272266;23.3921
176.667;0.275117;23.4989
177.808;0.278047;23.642
178.953;0.280977;23.7419
180.103;0.283906;23.8392
181.258;0.286836;23.934
182.418;0.289883;24.0265
183.581;0.292969;24.117
184.749;0.296016;24.1706
185.922;0.299062;24.2921
187.098;0.302227;24.3772
188.279;0.305391;24.4605
189.464;0.308555;24.5096
190.652;0.311719;24.6229
191.845;0.314922;24.7021
193.041;0.318203;24.7484
194.241;0.321484;24.8563
195.444;0.324766;24.9007
196.652;0.328047;25.0048
197.863;0.331328;25.0765
199.077;0.334727;25.1462
200.294;0.338125;25.1854
201.515;0.341523;25.2781
202.739;0.344922;25.3138
203.966;0.34832;25.3744
205.195;0.351719;25.4333
206.428;0.355234;25.491
207.663;0.35875;25.5489
208.901;0.362266;25.6076
210.142;0.365781;25.6665
211.386;0.369297;25.726
212.633;0.372891;25.7861
213.883;0.376523;25.8727
215.135;0.380195;25.9328
216.391;0.383828;25.9673
217.649;0.387461;26.0549
218.911;0.391211;26.117
220.175;0.394961;26.1528
221.443;0.398711;26.243
222.713;0.402461;26.2794
223.987;0.406289;26.3708
225.264;0.410156;26.4075
226.544;0.414023;26.4989
227.826;0.417891;26.5626
229.113;0.421758;26.5991
230.402;0.425742;26.6632
231.694;0.429727;26.7277
232.989;0.433711;26.7925
234.288;0.437695;26.8575
235.59;0.441719;26.9227
236.894;0.44582;26.9875
238.202;0.449922;27.0798
239.513;0.454023;27.1442
240.828;0.458164;27.181
242.145;0.462344;27.2456
243.465;0.466562;27.3383
244.789;0.470781;27.3753
246.116;0.475;27.4399
247.446;0.479219;27.5323
248.778;0.483555;27.569
250.115;0.487891;27.6617
251.454;0.492227;27.6985
252.796;0.496562;27.7633
254.142;0.500977;27.8548
255.49;0.50543;27.9185
256.842;0.509883;27.9822
258.197;0.514336;28.0459
259.554;0.518789;28.1098
260.915;0.523359;28.1736
262.279;0.52793;28.2095
263.646;0.5325;28.3009
265.016;0.53707;28.3636
266.389;0.541641;28.3988
267.766;0.546328;28.4615
269.145;0.551016;28.5505
270.527;0.555703;28.6113
271.912;0.560391;28.645
273.3;0.565234;28.7057
274.691;0.570039;28.7666
276.085;0.574844;28.8547
277.482;0.579648;28.8882
278.882;0.584531;28.9487
280.284;0.589453;29.0366
281.69;0.594375;29.0975
283.099;0.599297;29.1585
284.51;0.604258;29.2193
285.925;0.609297;29.2529
287.342;0.614336;29.3124
288.762;0.619375;29.3701
290.185;0.624414;29.4507
291.611;0.629453;29.5039
293.039;0.634492;29.5555
294.47;0.639531;29.5822
295.903;0.64457;29.6311
297.338;0.64957;29.6778
298.775;0.654609;29.7424
300.215;0.659648;29.7827
301.656;0.664688;29.821
303.099;0.669727;29.8579
304.544;0.674766;29.8751
305.991;0.679805;29.9289
307.439;0.684844;29.9449
308.889;0.689961;29.9789
310.341;0.695117;30.0135
311.794;0.700312;30.0674
313.25;0.705469;30.0849
314.706;0.710742;30.1417
316.165;0.716055;30.1806
317.626;0.721406;30.2213
319.089;0.726797;30.264
320.553;0.732344;30.2861
322.02;0.737852;30.3535
323.489;0.743477;30.3934
324.961;0.749141;30.4256
326.435;0.754922;30.4989
327.911;0.760742;30.5257
329.39;0.766602;30.5774
330.871;0.7725;30.6288
332.355;0.778477;30.7005
333.841;0.784453;30.723
335.329;0.79043;30.7846
336.818;0.796484;30.8217
338.31;0.802578;30.8378
339.803;0.808672;30.8888
341.298;0.814766;30.9022
342.794;0.820859;30.9495
344.292;0.826914;30.9626
345.791;0.833008;31.0107
346.791;0.83707;31.0139
347.792;0.841055;31.035
348.794;0.845039;31.0568
349.796;0.849023;31.0988
350.799;0.852969;31.1038
351.803;0.856953;31.1291
352.808;0.860937;31.1555
353.814;0.864922;31.2045
354.821;0.868906;31.2116
355.828;0.872891;31.241
356.837;0.876875;31.2939
357.846;0.880859;31.3022
358.857;0.884844;31.3338
359.868;0.888867;31.3661
360.881;0.892852;31.4231
361.895;0.896875;31.4567
362.91;0.900937;31.4663
363.926;0.905;31.5006
364.943;0.909063;31.5353
365.961;0.913164;31.5704
366.98;0.917305;31.6312
368;0.921445;31.6417
369.022;0.925586;31.6778
370.045;0.929844;31.74
371.069;0.934062;31.7768
372.094;0.938281;31.7908
373.119;0.942578;31.7847
374.144;0.946875;31.7708
375.168;0.951172;31.7546
376.192;0.955508;31.7389
377.216;0.959883;31.7414
378.24;0.964297;31.7975
379.266;0.968672;31.8321
380.293;0.973086;31.8421
381.321;0.977539;31.8769
382.35;0.981992;31.937
383.381;0.986445;31.9471
384.412;0.990937;31.9823
385.445;0.995469;32.0429
386.478;1;32.0783
387.513;1.00453;32.0885
388.549;1.00906;32.1241
389.587;1.01355;32.1851
390.625;1.0182;32.2208
391.664;1.02281;32.231
392.705;1.0275;32.2923
393.747;1.03227;32.3281
394.789;1.03719;32.3639
395.833;1.0423;32.3742
396.879;1.04762;32.41
397.925;1.05336;32.4457
398.973;1.05965;32.5073
400.022;1.06664;32.5431
401.072;1.07457;32.5787
402.122;1.08348;32.589
403.174;1.09379;32.65
404.227;1.10578;32.685
405.281;1.11973;32.7199
406.336;1.13617;32.7544
407.393;1.15539;32.7882
408.45;1.17777;32.7966
409.508;1.20375;32.8538
410.567;1.23387;32.8847
411.628;1.26859;32.9146
412.688;1.30855;32.9193
413.75;1.35414;32.9463
414.812;1.40582;32.9715
415.875;1.46426;33.0182
416.938;1.52977;33.0393
418.001;1.60285;33.0587
419.064;1.68414;33.0541
420.128;1.77398;33.0903
421.191;1.87273;33.0812
422.254;1.98113;33.0914
423.316;2.09941;33.1204
424.377;2.22773;33.1048
425.438;2.36656;33.1087
426.497;2.51633;33.132
427.555;2.67719;33.1092
428.611;2.84898;33.1293
429.664;3.03266;33.1052
430.717;3.22781;33.0982
431.767;3.43531;33.1118
432.814;3.65516;33.0832
433.859;3.88727;33.0939
434.9;4.13203;33.0636
435.938;4.38945;33.0525
436.974;4.65992;33.0388
438.005;4.94234;33.0497
439.031;5.23762;33.0398
440.055;5.54562;33.0058
441.074;5.86687;32.9914
442.089;6.20148;32.977
443.098;6.54926;32.9627
444.103;6.91035;32.9679
445.102;7.28445;32.954
446.097;7.67203;32.9384
447.085;8.07234;32.9032
448.067;8.48559;32.8889
449.043;8.9116;32.8709
450.013;9.35055;32.8664
450.976;9.80246;32.8412
451.932;10.2673;32.8126
452.881;10.745;32.7669
453.822;11.2357;32.741
454.755;11.7396;32.6872
455.679;12.2564;32.6386
456.595;12.7855;32.5902
457.501;13.3275;32.5285
458.397;13.8812;32.4704
459.283;14.447;32.4029
460.159;15.0245;32.3308
461.025;15.6137;32.2552
461.88;16.2147;32.1745
462.724;16.8282;32.0866
463.556;17.4538;31.9909
464.376;18.0908;31.9014
465.182;18.7391;31.8111
465.976;19.3983;31.7138
466.757;20.0681;31.6132
467.526;20.7482;31.5167
468.281;21.4385;31.413
469.023;22.1386;31.302
469.751;22.8485;31.1911
470.464;23.569;31.0858
471.164;24.2997;30.971
471.848;25.0397;30.8693
472.516;25.7888;30.7776
473.17;26.5468;30.689
474.124;27.7;30.5729
475.045;28.8722;30.4663
475.934;30.0628;30.3743
476.79;31.2712;30.297
477.614;32.4987;30.2165
478.405;33.7429;30.1649
479.164;35.002;30.1378
479.893;36.2757;30.147
480.595;37.5631;30.1347
481.271;38.8634;30.179
481.923;40.1758;30.1913
482.553;41.4992;30.26
483.165;42.8337;30.3119
483.762;44.1779;30.3663
484.344;45.5287;30.3979
484.919;46.8865;30.4815
485.486;48.2487;30.5126
486.048;49.6158;30.5975
486.606;50.9882;30.6274
487.16;52.3671;30.7084
487.71;53.7481;30.7356
488.253;55.1328;30.7708
488.79;56.5204;30.7453
489.317;57.91;30.7084
489.832;59.3035;30.6969
490.335;60.7028;30.7165
490.822;62.1078;30.7499
491.293;63.52;30.7613
491.746;64.9393;30.7722
492.177;66.3657;30.7763
492.585;67.799;30.7917
492.968;69.2403;30.7771
493.325;70.6878;30.7537
493.653;72.1407;30.7018
493.952;73.5983;30.6575
494.22;75.0597;30.601
494.457;76.5246;30.5381
494.661;77.9915;30.4453
494.83;79.4588;30.3322
494.964;80.9247;30.201
495.061;82.3875;30.0492
495.122;83.8457;29.8855
495.145;85.2978;29.7013
495.131;86.7414;29.5108
495.078;88.1757;29.298
494.987;89.6005;29.0751
494.857;91.0119;28.8495
494.689;92.4097;28.6367
494.484;93.7942;28.4069
494.242;95.1628;28.1612
493.962;96.5134;27.9616
493.642;97.8461;27.7779
493.285;99.1618;27.6272
492.895;100.459;27.4929
492.47;101.74;27.3568
492.009;103.002;27.2689
491.516;104.247;27.2435
490.992;105.475;27.2454
490.44;106.69;27.2869
489.865;107.893;27.3721
489.272;109.089;27.457
488.671;110.283;27.5846
488.073;111.481;27.6492
487.492;112.687;27.6418
486.937;113.904;27.5801
486.413;115.132;27.452
485.924;116.369;27.2673
485.473;117.614;27.0167
485.06;118.864;26.7308
484.69;120.119;26.4184
484.363;121.375;26.0639
484.08;122.63;25.7037
483.843;123.881;25.3291
483.653;125.128;24.9425
483.51;126.367;24.5658
483.414;127.595;24.1997
483.367;128.811;23.8325
483.366;130.011;23.465
483.412;131.192;23.0923
483.504;132.352;22.7215
483.642;133.491;22.4317
483.825;134.608;22.1665
484.052;135.7;21.9236
484.322;136.768;21.7093
484.633;137.809;21.5093
484.985;138.824;21.3319
485.376;139.811;21.1755
485.805;140.771;21.0416
486.269;141.703;20.9279
486.768;142.607;20.8362
487.302;143.484;20.7655
487.868;144.334;20.7164
488.464;145.156;20.6715
489.088;145.953;20.6849
489.739;146.727;20.7316
490.413;147.483;20.8097
491.108;148.223;20.9585
491.819;148.953;21.0382
492.54;149.682;21.1594
493.263;150.414;21.2961
493.981;151.158;21.3435
494.689;151.917;21.3964
495.381;152.691;21.4409
496.053;153.482;21.381
496.701;154.286;21.2925
497.325;155.104;21.1731
497.922;155.936;21.1046
498.493;156.785;21.0542
499.036;157.65;21.008
499.551;158.53;20.9691
500.037;159.425;20.9617
500.494;160.335;20.9226
500.924;161.258;20.9482
501.326;162.192;20.9729
501.705;163.137;20.9854
502.065;164.091;21.0427
502.408;165.053;21.113
502.742;166.023;21.1904
503.07;166.997;21.2984
503.399;167.975;21.3712
503.735;168.956;21.4057
504.082;169.936;21.489
504.443;170.912;21.5066
504.819;171.884;21.5457
505.213;172.849;21.523
505.623;173.803;21.4648
506.053;174.747;21.4002
506.501;175.678;21.3313
506.97;176.598;21.3043
507.459;177.505;21.2723
507.969;178.399;21.2602
508.501;179.281;21.2458
509.053;180.148;21.2209
509.626;181.002;21.2212
510.217;181.842;21.2514
510.826;182.67;21.2459
511.454;183.486;21.27
512.098;184.29;21.3016
512.758;185.083;21.3682
513.432;185.867;21.4148
514.121;186.643;21.4662
514.822;187.41;21.5224
515.534;188.171;21.5508
516.256;188.926;21.6468
516.987;189.677;21.7004
517.723;190.423;21.6833
518.463;191.164;21.6525
519.206;191.901;21.6216
519.951;192.636;21.6674
520.7;193.374;21.8004
521.453;194.114;21.8899
522.208;194.858;21.9661
522.965;195.605;22.0593
523.723;196.358;22.1035
524.481;197.115;22.2173
525.239;197.878;22.2928
525.997;198.646;22.3321
526.753;199.42;22.4381
527.509;200.2;22.5084
528.263;200.985;22.5778
529.017;201.776;22.6461
529.77;202.572;22.7136
530.522;203.373;22.7806
531.275;204.178;22.8151
532.027;204.988;22.9129
532.781;205.801;22.9467
533.536;206.617;23.0119
534.293;207.436;23.1076
535.053;208.256;23.1716
535.815;209.077;23.2041
536.582;209.899;23.2672
537.353;210.721;23.3602
538.129;211.543;23.4216
538.91;212.363;23.4821
539.698;213.182;23.5121
540.492;213.998;23.5719
541.293;214.812;23.631
542.102;215.622;23.6895
542.918;216.428;23.7481
543.742;217.23;23.8356
544.575;218.028;23.8938
545.416;218.821;23.9423
546.266;219.609;23.9798
547.124;220.391;24.0381
547.991;221.168;24.0969
548.867;221.94;24.1555
549.751;222.706;24.2457
550.644;223.467;24.2771
551.545;224.223;24.3384
552.453;224.974;24.4317
553.37;225.722;24.4959
554.293;226.465;24.5303
555.223;227.204;24.6267
556.16;227.94;24.6934
557.104;228.674;24.7604
558.052;229.405;24.8284
559.007;230.135;24.8965
559.967;230.863;24.9662
560.931;231.59;25.0363
561.901;232.317;25.0765
562.874;233.044;25.1771
563.852;233.772;25.2487
564.833;234.5;25.3199
565.817;235.229;25.363
566.805;235.96;25.4353
567.797;236.692;25.5077
568.791;237.425;25.6106
569.789;238.161;25.6551
570.79;238.896;25.7285
571.796;239.633;25.8034
572.806;240.37;25.8776
573.819;241.107;25.9528
574.837;241.844;26.0569
575.861;242.581;26.132
576.89;243.315;26.207
577.926;244.048;26.2524
578.968;244.776;26.3551
580.018;245.501;26.4001
581.076;246.22;26.4718
582.141;246.933;26.571
583.217;247.639;26.6394
584.301;248.336;26.7067
585.395;249.024;26.7725
586.5;249.701;26.8088
587.615;250.367;26.8713
588.741;251.02;26.9328
589.878;251.661;27.0167
591.026;252.287;27.0474
592.185;252.897;27.1036
593.355;253.492;27.1837
594.537;254.071;27.2367
595.73;254.631;27.2617
596.934;255.174;27.3112
598.149;255.697;27.3864
599.376;256.202;27.4341
600.612;256.687;27.4577
601.858;257.152;27.5076
603.115;257.596;27.5805
604.381;258.019;27.6022
605.657;258.42;27.6493
606.942;258.8;27.6971
608.235;259.157;27.7461
609.537;259.493;27.7933
610.847;259.805;27.8668
612.164;260.095;27.9156
613.489;260.362;27.9649
614.821;260.607;28.0148
616.159;260.828;28.0391
617.503;261.026;28.1165
618.853;261.201;28.1427
620.208;261.353;28.1956
621.568;261.482;28.2777
622.932;261.589;28.3074
624.301;261.674;28.3651
625.674;261.736;28.4528
627.051;261.777;28.5142
628.431;261.796;28.5512
629.815;261.794;28.6423
631.2;261.773;28.7126
632.59;261.732;28.7834
633.982;261.673;28.853
635.376;261.595;28.9322
636.773;261.501;28.9813
638.173;261.389;29.0605
639.575;261.262;29.1414
640.979;261.122;29.2516
642.385;260.967;29.3355
643.795;260.801;29.3915
645.208;260.622;29.5051
646.622;260.431;29.5621
648.039;260.23;29.676
649.459;260.018;29.733
650.882;259.795;29.8182
652.307;259.563;29.9304
653.734;259.32;30.0139
655.164;259.068;30.0969
656.596;258.804;30.1787
658.03;258.531;30.2329
659.466;258.246;30.341
660.904;257.951;30.398
662.341;257.645;30.4064
663.776;257.329;30.4023
665.209;257.005;30.4181
666.642;256.672;30.4948
668.078;256.332;30.5761
669.517;255.987;30.6588
670.959;255.64;30.7414
672.406;255.293;30.7961
673.857;254.951;30.8962
675.314;254.618;30.9639
676.777;254.296;31.0001
678.246;253.99;31.0698
679.228;253.797;31.0939
680.214;253.613;31.0928
681.201;253.439;31.122
682.682;253.2;31.1333
683.679;253.055;31.1176
684.676;252.924;31.1029
685.673;252.806;31.0683
686.671;252.7;31.0443
687.669;252.606;31.0242
689.095;252.572;25.7574
690.35;252.713;26.0071
691.604;252.848;26.1582
692.863;252.982;26.26
694.128;253.123;26.3929
695.397;253.275;26.4925
696.667;253.443;26.615
697.942;253.631;26.6796
699.215;253.84;26.7299
700.486;254.072;26.7478
701.758;254.33;26.789
703.028;254.613;26.8285
704.293;254.922;26.8742
705.555;255.249;26.9464
706.811;255.601;26.9772
708.06;255.977;27.0425
709.309;256.373;27.1129
710.556;256.787;27.2171
711.801;257.221;27.2926
713.043;257.672;27.3515
714.283;258.138;27.4595
715.527;258.617;27.514
716.767;259.106;27.5947
718.002;259.605;27.6994
719.237;260.121;27.7772
720.469;260.655;27.8518
721.696;261.207;27.8998
722.918;261.778;27.9684
724.136;262.369;28.0497
725.347;262.983;28.0776
726.547;263.621;28.1428
727.737;264.281;28.1587
728.916;264.963;28.2092
730.083;265.665;28.2437
731.239;266.391;28.2698
732.383;267.143;28.2677
733.512;267.924;28.2781
734.62;268.73;28.2908
735.711;269.56;28.3227
736.783;270.411;28.3264
737.84;271.284;28.371
738.881;272.181;28.37
739.901;273.103;28.395
740.902;274.052;28.4441
741.884;275.021;28.4761
742.844;276.008;28.5068
743.789;277.016;28.5914
744.717;278.044;28.6311
745.627;279.092;28.74
746.525;280.155;28.7959
747.411;281.227;28.8958
748.297;282.314;29.0051
749.182;283.409;29.1107
750.066;284.507;29.2129
750.956;285.605;29.3288
751.854;286.699;29.4035
752.762;287.786;29.4504
753.686;288.868;29.5325
754.633;289.947;29.5774
755.595;291.012;29.6152
756.573;292.06;29.6573
757.566;293.095;29.6769
758.576;294.116;29.7594
759.6;295.126;29.823
760.642;296.131;29.8687
761.701;297.133;29.9454
762.764;298.125;30.0642
763.832;299.116;30.1552
764.901;300.11;30.2365
765.966;301.116;30.2797
767.02;302.134;30.335
768.06;303.174;30.337
769.081;304.241;30.3017
770.07;305.326;30.2283
771.031;306.432;30.1454
771.964;307.558;30.0482
772.867;308.704;29.9106
773.736;309.869;29.7433
774.569;311.055;29.5412
775.36;312.261;29.2838
776.104;313.49;28.9608
776.799;314.731;28.6194
777.445;315.98;28.2834
778.047;317.236;27.9327
778.603;318.499;27.5926
779.114;319.767;27.2085
779.591;321.037;26.8376
780.015;322.305;26.497
780.387;323.576;26.1006
780.173;324.59;4.24011
779.457;325.335;1.18414
778.826;326.117;-1.04637
778.124;326.837;-1.59133
778.782;326.06;2.35565
779.381;325.2;3.2608
779.755;324.248;3.35895
779.89;323.229;3.92268
779.802;322.177;4.53958
779.528;321.183;5.19628
779.139;320.194;5.6731
778.681;319.247;6.05653
778.176;318.289;6.29734
777.657;317.347;6.92111
777.148;316.429;7.4729
776.601;315.447;8.03155
776.085;314.522;8.39518
775.538;313.552;8.81025
775.028;312.667;9.20942
774.488;311.755;9.48827
773.924;310.819;9.86089
773.334;309.86;10.1181
772.716;308.877;10.4224
772.166;308.015;10.6783
771.595;307.138;10.9819
771.003;306.246;11.2239
770.388;305.339;11.4303
769.751;304.419;11.7245
769.091;303.485;11.9667
768.403;302.536;12.1999
767.691;301.578;12.427
767.08;300.778;12.6104
766.449;299.976;12.7449
765.797;299.172;12.9264
765.124;298.367;13.0435
764.441;297.573;12.9904
763.747;296.791;13.0941
763.031;296.007;13.2507
762.291;295.22;13.5022
761.525;294.432;13.6904
760.743;293.644;13.8198
759.943;292.862;13.9931
759.125;292.076;14.2088
758.29;291.288;14.3746
757.439;290.498;14.4923
756.572;289.705;14.6521
755.65;288.873;14.8161
754.89;288.196;14.9862
754.116;287.513;15.1072
753.321;286.82;15.2214
752.531;286.136;15.3392
751.731;285.447;15.4118
750.924;284.754;15.5297
750.114;284.056;15.6896
749.301;283.354;15.8047
748.486;282.647;15.8757
747.662;281.93;16.0284
746.835;281.204;16.0884
746.018;280.48;16.1886
745.204;279.751;16.3345
744.388;279.012;16.4393
743.576;278.267;16.5442
742.773;277.521;16.6483
741.976;276.774;16.7502
741.181;276.024;16.811
740.381;275.268;16.9106
739.585;274.512;17.0503
738.782;273.753;17.1092
737.973;272.989;17.2075
737.154;272.221;17.3053
736.323;271.449;17.4022
735.48;270.678;17.5359
734.616;269.904;17.6331
733.72;269.118;17.7294
732.811;268.342;17.7866
731.87;267.566;17.8815
730.902;266.795;18.0109
729.901;266.031;18.0588
728.865;265.276;18.145
727.785;264.525;18.2789
726.939;263.963;18.349
726.057;263.4;18.4203
725.136;262.837;18.4953
724.15;262.264;18.5749
723.098;261.684;18.656
722.021;261.124;18.7149
720.927;260.585;18.7684
719.805;260.062;18.8538
718.665;259.558;18.9347
717.503;259.072;19.0275
716.313;258.601;19.1205
715.107;258.15;19.211
713.897;257.72;19.3203
712.678;257.315;19.2564
711.441;256.93;19.1838
710.197;256.571;19.2981
708.934;256.232;19.3538
707.658;255.915;19.468
706.368;255.617;19.5796
705.067;255.338;19.7437
703.74;255.074;19.8443
702.42;254.831;19.9406
701.107;254.607;20.0324
699.8;254.401;20.0721
698.492;254.211;20.1558
697.165;254.036;20.2856
695.828;253.877;20.3191
694.491;253.736;20.4395
693.163;253.615;20.3989
691.83;253.514;20.3366
690.504;253.433;20.2877
689.191;253.374;20.291
687.89;253.338;20.2966
686.594;253.323;20.2878
685.305;253.328;20.3116
683.996;253.354;20.3396
682.693;253.394;20.3968
681.403;253.454;20.4359
680.105;253.532;20.4825
678.811;253.636;20.5359
677.529;253.765;20.5939
676.261;253.915;20.6158
674.925;254.097;20.6829
673.675;254.288;20.7725
672.434;254.496;20.8195
671.199;254.72;20.9313
669.967;254.961;21.0066
668.74;255.216;20.9841
667.535;255.479;20.9339
666.344;255.751;20.8856
665.155;256.034;20.9855
663.969;256.325;21.0891
662.782;256.622;21.1896
661.593;256.924;21.2865
660.407;257.229;21.4241
659.215;257.535;21.4962
658.021;257.84;21.5949
656.813;258.144;21.6329
655.602;258.442;21.7506
654.384;258.733;21.8225
653.165;259.014;21.8517
651.935;259.284;21.9166
650.697;259.541;21.9783
649.442;259.786;22.074
648.179;260.013;22.0932
646.902;260.225;22.1481
645.633;260.415;22.2375
644.351;260.587;22.2534
643.06;260.739;22.3423
641.766;260.872;22.3965
640.453;260.987;22.4484
639.141;261.082;22.5042
637.829;261.159;22.5236
636.509;261.217;22.6183
635.169;261.259;22.6387
633.844;261.283;22.733
632.517;261.291;22.7923
631.185;261.284;22.8159
629.855;261.262;22.9105
628.521;261.226;22.9341
627.183;261.176;22.9935
625.842;261.11;23.0878
624.506;261.03;23.11
623.176;260.935;23.2015
621.848;260.825;23.2223
620.521;260.699;23.3099
619.195;260.557;23.3302
617.856;260.394;23.4162
616.523;260.214;23.4334
615.191;260.013;23.5162
613.865;259.794;23.5631
612.538;259.552;23.5785
611.215;259.289;23.6564
609.899;259.005;23.6694
608.584;258.697;23.7472
607.258;258.363;23.7912
605.941;258.006;23.8361
604.623;257.623;23.8812
603.309;257.216;23.9268
602.003;256.785;23.9731
600.704;256.331;23.9874
599.404;255.85;24.0675
598.118;255.349;24.1161
596.867;254.837;24.1318
595.674;254.325;24.1796
594.511;253.805;24.2577
593.381;253.28;24.276
592.27;252.744;24.3539
591.185;252.202;24.3741
590.031;251.606;24.4266
588.967;251.039;24.4924
587.921;250.464;24.5264
586.835;249.849;24.5796
585.806;249.251;24.6601
584.781;248.639;24.7128
583.761;248.016;24.7664
582.745;247.381;24.7924
581.733;246.733;24.8765
580.726;246.075;24.9329
579.722;245.406;24.9615
578.722;244.727;25.0475
577.725;244.038;25.0774
576.732;243.339;25.1652
575.742;242.63;25.2243
574.755;241.913;25.285
573.77;241.186;25.3452
572.788;240.452;25.3791
571.809;239.71;25.4722
570.83;238.96;25.5068
569.854;238.204;25.5718
568.879;237.44;25.6669
567.905;236.669;25.733
566.932;235.893;25.7715
565.958;235.111;25.8691
564.985;234.324;25.9373
564.011;233.533;26.0067
563.036;232.736;26.0474
562.061;231.937;26.117
561.083;231.133;26.2169
560.104;230.326;26.2581
559.123;229.517;26.3586
558.14;228.704;26.4306
557.154;227.889;26.4729
556.166;227.071;26.5747
555.176;226.25;26.6467
554.183;225.428;26.691
553.188;224.602;26.7932
552.191;223.773;26.8375
551.191;222.942;26.9404
550.19;222.107;27.0141
549.188;221.268;27.088
548.184;220.424;27.1625
547.18;219.575;27.2083
546.176;218.721;27.3102
545.173;217.861;27.3564
544.171;216.994;27.429
543.171;216.119;27.5014
542.174;215.235;27.5724
541.18;214.343;27.6434
540.19;213.441;27.7388
539.206;212.529;27.807
538.226;211.606;27.8748
537.253;210.671;27.9365
536.286;209.726;28.0077
535.327;208.768;28.0741
534.374;207.799;28.1145
533.43;206.818;28.1819
532.492;205.825;28.2724
531.562;204.821;28.3477
530.639;203.806;28.42
529.722;202.78;28.4946
528.811;201.744;28.5434
527.905;200.7;28.6215
527.002;199.647;28.701
526.102;198.586;28.8101
525.204;197.519;28.8633
524.307;196.447;28.9451
523.408;195.37;29.0267
522.508;194.289;29.1079
521.605;193.206;29.1884
520.698;192.12;29.2964
519.786;191.034;29.3464
518.87;189.947;29.4529
517.948;188.859;29.5021
517.02;187.771;29.6044
516.086;186.684;29.6533
515.147;185.597;29.7226
514.203;184.508;29.7827
513.256;183.42;29.8323
512.308;182.33;29.8685
511.361;181.239;29.8863
510.418;180.144;29.8756
509.482;179.043;29.859
508.555;177.936;29.8383
507.642;176.819;29.7241
506.747;175.696;29.645
505.872;174.564;29.5041
505.019;173.421;29.4055
504.191;172.268;29.2527
503.389;171.102;29.1399
502.615;169.923;28.983
501.872;168.73;28.8442
501.163;167.524;28.7146
500.487;166.305;28.5806
499.845;165.075;28.4508
499.236;163.834;28.3268
498.662;162.581;28.2046
498.123;161.317;28.1024
497.621;160.041;27.9924
497.156;158.756;27.9221
496.728;157.464;27.8714
496.332;156.165;27.8287
495.969;154.859;27.7751
495.635;153.55;27.7303
495.329;152.237;27.7016
495.046;150.917;27.8148
494.78;149.589;27.8827
494.526;148.257;28.0231
494.275;146.921;28.1189
494.019;145.582;28.1659
493.749;144.244;28.2485
493.462;142.906;28.2538
493.152;141.572;28.2673
492.816;140.241;28.2635
492.454;138.917;28.2517
492.065;137.602;28.2419
491.651;136.295;28.2376
491.213;134.995;28.2694
490.75;133.703;28.2608
490.266;132.418;28.295
489.764;131.138;28.3633
489.247;129.861;28.4081
488.725;128.587;28.4322
488.205;127.313;28.4294
487.696;126.036;28.3859
487.206;124.754;28.3159
486.741;123.468;28.1728
486.306;122.178;28.0009
485.903;120.885;27.8217
485.536;119.589;27.5976
485.206;118.292;27.3453
484.915;116.995;27.0993
484.664;115.699;26.823
484.454;114.405;26.5387
484.287;113.115;26.2436
484.163;111.831;25.9478
484.083;110.554;25.6522
484.046;109.286;25.3565
484.053;108.03;25.0691
484.104;106.787;24.7901
484.198;105.557;24.5146
484.336;104.345;24.2609
484.516;103.149;24.0351
484.739;101.972;23.8168
485.002;100.816;23.5901
485.305;99.6828;23.3662
485.646;98.5736;23.1432
486.025;97.4884;23.0225
486.44;96.4246;22.9108
486.892;95.3821;22.8939
487.378;94.3601;22.8892
487.896;93.3575;22.8935
488.444;92.372;22.9795
489.018;91.4003;23.1515
489.613;90.4374;23.3092
490.221;89.477;23.4654
490.83;88.5122;23.5599
491.429;87.5369;23.6647
492.008;86.547;23.6869
492.562;85.543;23.6412
493.086;84.5246;23.5718
493.578;83.4928;23.4613
494.034;82.4491;23.3318
494.453;81.395;23.1646
494.834;80.3326;22.9799
495.173;79.2634;22.7735
495.471;78.1893;22.5817
495.726;77.1122;22.3759
495.937;76.0342;22.161
496.105;74.9573;21.9617
496.229;73.8833;21.7696
496.308;72.814;21.587
496.345;71.7513;21.4147
496.337;70.6967;21.2559
496.287;69.6518;21.1265
496.196;68.617;20.983
496.061;67.5937;20.8648
495.885;66.5835;20.7786
495.669;65.5879;20.6959
495.413;64.6075;20.6315
495.12;63.6425;20.58
494.792;62.6931;20.5524
494.428;61.7597;20.5201
494.032;60.8412;20.5295
493.603;59.9371;20.5567
493.143;59.0475;20.6036
492.654;58.1706;20.6729
492.139;57.3049;20.7984
491.604;56.4491;20.859
491.049;55.6008;21.017
490.478;54.7559;21.1369
489.896;53.9118;21.2151
489.307;53.0662;21.3741
488.713;52.2167;21.4857
488.119;51.3615;21.5535
487.526;50.4983;21.6907
486.937;49.6267;21.7509
486.353;48.7471;21.8431
485.774;47.859;21.9332
485.2;46.9626;22.0223
484.631;46.0578;22.145
484.066;45.1451;22.2335
483.506;44.2253;22.2884
482.948;43.2992;22.4107
482.389;42.3667;22.4934
481.831;41.4295;22.5828
481.27;40.4902;22.6664
480.705;39.5489;22.7476
480.134;38.6066;22.8217
479.556;37.6642;22.8721
478.968;36.7197;22.9734
478.373;35.7799;23.0174
477.766;34.8428;23.0854
477.149;33.9086;23.1524
476.52;32.9791;23.2179
475.876;32.0537;23.3086
475.22;31.1344;23.3681
474.55;30.2225;23.4263
473.866;29.3178;23.4545
473.168;28.4205;23.5106
472.455;27.5311;23.5658
471.728;26.6502;23.6489
470.986;25.7782;23.6745
470.229;24.9159;23.7535
469.455;24.0636;23.8029
468.665;23.222;23.8504
467.861;22.3933;23.8962
467.041;21.577;23.941
466.206;20.7732;23.9572
465.356;19.9826;23.9998
464.49;19.2057;24.0421
463.61;18.4429;24.0842
462.713;17.6945;24.1537
461.801;16.9612;24.1944
460.874;16.2434;24.206
459.933;15.5423;24.2463
458.978;14.8574;24.3146
458.009;14.1884;24.3553
457.027;13.5357;24.3964
456.032;12.8996;24.4247
455.024;12.2801;24.4516
454.003;11.6776;24.4928
452.969;11.0922;24.5336
451.923;10.5254;24.5717
450.866;9.9768;24.61
449.798;9.44641;24.6754
448.719;8.93426;24.6863
447.629;8.44055;24.725
446.53;7.96543;24.7912
445.42;7.50926;24.8027
444.299;7.07133;24.8415
443.17;6.65293;24.8827
442.032;6.25312;24.954
440.886;5.87172;24.9986
439.731;5.50828;25.0451
438.569;5.1623;25.0639
437.4;4.8332;25.1434
436.224;4.52027;25.1969
435.04;4.2227;25.2515
433.851;3.93984;25.2779
432.656;3.67129;25.336
431.454;3.41625;25.425
430.248;3.17441;25.4547
429.035;2.94516;25.5449
427.818;2.72781;25.6047
426.596;2.52184;25.6667
425.369;2.32695;25.6985
424.137;2.14301;25.7904
422.901;1.96969;25.8231
421.659;1.8066;25.9156
420.414;1.65383;25.9779
419.165;1.51133;26.0109
417.911;1.37879;26.0736
416.654;1.25609;26.1648
415.393;1.14355;26.1982
414.127;1.0409;26.2605
412.858;0.948164;26.3232
411.585;0.865352;26.3856
410.309;0.792461;26.4773
409.029;0.729492;26.5403
407.745;0.676211;26.6028
406.458;0.632656;26.6661
405.168;0.598516;26.7294
403.874;0.573672;26.7646
402.577;0.557852;26.8582
401.277;0.550664;26.8941
399.974;0.551484;26.9893
398.667;0.559961;27.0267
397.357;0.575312;27.1232
396.044;0.596875;27.1618
394.728;0.623789;27.2594
393.408;0.655156;27.2988
392.086;0.689922;27.3969
390.76;0.727031;27.4364
389.43;0.765469;27.5051
388.098;0.804219;27.5733
386.762;0.842187;27.6701
385.423;0.878516;27.7373
384.08;0.912383;27.7752
382.734;0.943086;27.8414
381.385;0.970117;27.9072
380.033;0.993008;28.0014
378.677;1.01152;28.0667
377.318;1.02555;28.1033
375.956;1.03504;28.1685
374.591;1.04004;28.2625
373.223;1.04086;28.3212
371.851;1.03777;28.3649
370.477;1.03117;28.4306
369.098;1.02148;28.5252
367.717;1.00922;28.5624
366.332;0.994922;28.6283
364.945;0.979141;28.6942
363.555;0.962305;28.7885
362.161;0.944922;28.8255
360.764;0.927383;28.891
359.364;0.910117;28.9563
357.961;0.893477;29.0215
356.555;0.877617;29.0865
355.145;0.862812;29.1798
353.733;0.849219;29.2445
352.317;0.836875;29.3091
350.898;0.825859;29.3452
349.476;0.816172;29.4381
348.051;0.807812;29.5025
346.622;0.800664;29.5384
345.19;0.794609;29.6026
343.756;0.78957;29.6668
342.318;0.785352;29.7309
340.878;0.781797;29.8232
339.434;0.778867;29.8871
337.987;0.776289;29.9226
336.537;0.773984;29.9863
335.084;0.771836;30.0499
333.628;0.769648;30.1417
332.169;0.767383;30.1769
330.707;0.764922;30.2402
329.241;0.762187;30.3317
327.773;0.759062;30.3949
326.301;0.755625;30.4579
324.827;0.751797;30.5209
323.349;0.747539;30.5827
321.869;0.742852;30.6415
320.386;0.737852;30.6705
318.9;0.732461;30.7182
317.413;0.726758;30.7732
315.924;0.720781;30.7941
314.434;0.714492;30.793
312.944;0.708086;30.7848
311.456;0.701523;30.7614
309.968;0.694883;30.7371
308.482;0.688242;30.6947
307;0.681641;30.5726
305.523;0.675078;30.4983
304.051;0.668633;30.3952
302.584;0.662344;30.2637
301.122;0.656211;30.1618
299.664;0.650312;30.0634
298.211;0.644648;29.9939
296.763;0.639219;29.9033
295.319;0.633945;29.8185
293.879;0.628906;29.7399
292.442;0.624062;29.653
291.008;0.619336;29.5927
289.577;0.614766;29.5508
288.149;0.610312;29.4963
286.723;0.605977;29.4584
285.298;0.601602;29.4252
283.875;0.597344;29.396
282.453;0.593086;29.3705
281.032;0.588711;29.3484
279.613;0.584336;29.3281
278.194;0.579883;29.3085
276.777;0.575352;29.287
275.36;0.570742;29.2637
273.945;0.566016;29.2355
272.531;0.561211;29.2022
271.119;0.556406;29.1712
269.709;0.551484;29.1227
268.301;0.546562;29.0856
266.895;0.541602;29.022
265.492;0.536563;28.9628
264.092;0.531523;28.922
262.693;0.526523;28.8947
261.296;0.521641;28.8717
259.899;0.516719;28.8491
258.508;0.511875;28.715
257.123;0.507109;28.5371
255.745;0.502383;28.4402
254.374;0.497773;28.2694
253.008;0.493203;28.1431
251.649;0.488711;28.0237
250.295;0.484336;27.9112
248.946;0.48;27.835
247.603;0.475742;27.7369
246.263;0.471523;27.6267
244.928;0.467383;27.5519
243.596;0.463281;27.4874
242.267;0.45918;27.443
240.941;0.455117;27.3915
239.617;0.451133;27.3475
238.295;0.447148;27.3043
236.974;0.443125;27.2735
235.655;0.439141;27.2488
234.337;0.435156;27.2276
233.02;0.431172;27.2078
231.704;0.427188;27.1869
230.387;0.423203;27.2119
229.07;0.419219;27.2312
227.752;0.415195;27.2397
226.434;0.411211;27.2364
225.117;0.407266;27.2162
223.801;0.403281;27.1816
222.487;0.399297;27.1327
221.176;0.395312;27.0711
219.869;0.391328;26.9804
218.565;0.387422;26.9001
217.265;0.383555;26.8148
215.969;0.379687;26.726
214.678;0.375898;26.6595
213.391;0.372148;26.5667
212.109;0.368398;26.4728
210.831;0.364727;26.3776
209.558;0.361094;26.2826
208.289;0.357461;26.1974
207.022;0.353867;26.1763
205.755;0.350352;26.1546
204.49;0.346836;26.1359
203.231;0.34332;25.9845
201.979;0.339844;25.8304
200.734;0.336484;25.6355
199.496;0.333086;25.4923
198.265;0.329727;25.3564
197.041;0.326445;25.2288
195.822;0.323164;25.1444
194.609;0.319883;25.0051
193.401;0.31668;24.9108
192.197;0.313516;24.8287
190.997;0.310352;24.7761
189.8;0.307187;24.7136
188.606;0.304023;24.6615
187.414;0.300859;24.6107
186.223;0.297656;24.5832
185.035;0.294492;24.5485
183.847;0.291328;24.5221
182.661;0.288242;24.5007
181.477;0.285195;24.4758
180.293;0.282148;24.4378
179.111;0.279102;24.4099
177.931;0.276055;24.3732
176.752;0.273008;24.3303
175.576;0.27;24.2935
174.402;0.266953;24.2416
173.231;0.263945;24.1671
172.063;0.261016;24.1188
170.898;0.258086;24.0316
169.737;0.255156;23.9572
168.579;0.252227;23.8797
167.425;0.249414;23.8219
166.275;0.246602;23.7408
165.127;0.243828;23.7101
163.98;0.241016;23.6922
162.834;0.238281;23.6745
161.693;0.235586;23.5317
160.561;0.232891;23.2559
159.44;0.230195;23.0476
158.329;0.227617;22.8435
157.227;0.225039;22.6455
156.135;0.2225;22.455
155.052;0.220039;22.3292
153.977;0.217578;22.103
152.91;0.215117;21.9909
151.851;0.212734;21.8369
150.799;0.210391;21.6511
149.754;0.208047;21.5206
148.714;0.205703;21.4
147.681;0.203359;21.3214
146.652;0.201094;21.2171
145.629;0.198867;21.0967
144.609;0.196641;21.0146
143.593;0.194414;20.9611
142.58;0.192188;20.9387
141.567;0.189961;20.9221
140.555;0.187734;20.908
139.541;0.185508;20.963
138.523;0.183281;21.0932
137.501;0.181016;21.1524
136.474;0.178789;21.2847
135.442;0.176445;21.3443
134.406;0.174102;21.4746
133.366;0.171758;21.5291
132.321;0.169414;21.6397
131.273;0.16707;21.6985
130.223;0.164766;21.7306
129.17;0.162422;21.7605
128.117;0.160078;21.7648
127.065;0.157852;21.7301
126.015;0.155625;21.6694
124.968;0.153437;21.5895
123.925;0.151289;21.5266
122.887;0.14918;21.4302
121.854;0.14707;21.3256
120.823;0.145117;21.2958
119.793;0.143125;21.2801
118.763;0.141133;21.2645
117.739;0.13918;21.0472
116.724;0.137305;20.8299
115.721;0.13543;20.684
114.398;0.132969;20.3493
113.092;0.130625;20.1566
111.801;0.128281;19.8697
110.524;0.125937;19.7073
109.261;0.123672;19.5129
108.009;0.121445;19.3012
106.767;0.119258;19.1514
105.535;0.11707;19.0485
104.311;0.114883;18.9095
103.093;0.112695;18.8165
101.881;0.110508;18.7412
100.672;0.10832;18.7218
99.4647;0.106133;18.7028
98.2578;0.103945;18.7633
97.0432;0.101758;18.9068
95.8197;0.0995703;19.0471
94.5874;0.0973828;19.179
93.3471;0.0951953;19.2972
92.0998;0.0930078;19.388
90.8472;0.0908203;19.4364
89.5923;0.0886719;19.4452
88.3405;0.0865234;19.3778
87.0956;0.0844922;19.224
85.8599;0.0824609;19.1022
84.6352;0.0804297;18.8792
83.4224;0.0785937;18.7347
82.222;0.0767187;18.5409
81.0289;0.0748437;18.4681
79.8408;0.0730859;18.3578
78.6627;0.0713672;18.0623
77.5065;0.0696484;17.8111
76.3705;0.0679687;17.4989
75.2542;0.0664062;17.195
74.1571;0.0648438;16.8244
73.079;0.0632812;16.535
72.0192;0.061875;16.258
70.9769;0.0604687;15.9961
69.9509;0.0590625;15.7529
68.9401;0.0576562;15.5306
67.6957;0.0560547;15.2843
66.4699;0.0544922;15.1104
65.2602;0.0529297;14.8936
64.0641;0.0513672;14.7663
62.8797;0.0498047;14.6291
61.7053;0.0482422;14.5145
60.535;0.0466797;14.4977
59.3661;0.0451172;14.5164
58.1896;0.0435547;14.639
57.0022;0.0419922;14.7796
55.8088;0.0404297;14.7852
54.6219;0.0388672;14.6172
53.4509;0.0373047;14.3952
52.3;0.0357422;14.1678
51.1722;0.034375;13.8114
50.0688;0.0330469;13.4966
48.9903;0.0317969;13.2479
47.9372;0.030625;12.8873
46.9039;0.0296094;12.7676
45.874;0.0286328;12.7559
44.8506;0.0276172;12.5732
43.6595;0.0264453;12.1327
42.5096;0.0252734;11.7172
41.3968;0.0242578;11.3537
40.3148;0.0233203;11.0657
39.2559;0.0224219;10.8568
38.2128;0.0214453;10.7108
37.1783;0.0205078;10.6631
36.1461;0.0195703;10.6726
35.1108;0.0186328;10.7112
34.0747;0.0177344;10.6984
33.0372;0.0167969;10.7866
31.9758;0.0158594;11.1287
30.8869;0.0148828;11.365
29.7706;0.0139453;11.6472
28.6277;0.0130078;11.9195
27.4609;0.0120703;12.1743
26.2798;0.0111719;12.2085
25.1055;0.0102344;12.0232
23.9544;0.009375;11.7236
22.8345;0.00871094;11.4383
21.7444;0.00800781;11.0892
20.6938;0.00738281;10.5612
19.6913;0.00691406;10.1687
18.5752;0.00636719;9.66488
17.515;0.00582031;9.12532
16.5061;0.00527344;8.68031
15.4127;0.00464844;8.20312
14.3701;0.0040625;7.80362
13.274;0.00332031;7.28293
12.2482;0.00261719;6.85343
11.1915;0.0021875;6.28873
10.118;0.00175781;5.76085
9.09617;0.00136719;5.55944
8.03656;0.0009375;5.39108
7.03068;0.000429687;4.99578
5.95878;0.0003125;4.46286
4.94182;0.0003125;3.92502
3.92785;0.0003125;3.46483
2.91367;0.000273438;3.12283
1.90579;0.0003125;2.8256
0.901513;0.0003125;2.50599
-0.119043;0.0003125;2.26545
-1.12997;-0.000507812;2.4793
