1.01326;0;2.16305
2.07558;0;3.25435
3.1483;3.90625e-05;3.86261
4.19703;3.90625e-05;3.97372
5.30586;3.90625e-05;4.40554
6.37814;3.90625e-05;4.74805
7.5012;3.90625e-05;4.7824
8.58694;3.90625e-05;4.45986
9.72015;3.90625e-05;4.08403
10.8339;3.90625e-05;4.37874
11.8987;3.90625e-05;4.81793
12.9017;3.90625e-05;5.11561
13.9933;0.000234375;5.81668
15;0.000429687;6.14484
16.072;0.000625;6.6601
17.1861;0.000820312;6.83896
18.336;0.00101562;7.02709
19.4934;0.00171875;6.85416
20.597;0.00195313;6.46142
21.6427;0.00238281;6.13
22.8208;0.000703125;5.70003
23.9279;-0.00328125;5.30129
24.959;-0.00273437;4.94652
26.0919;-0.001875;4.61005
27.1226;-0.000703125;4.21222
28.2554;0.000507812;4.40846
29.3247;0.00167969;4.76703
30.3281;0.00285156;5.23174
31.4176;0.00410156;5.80214
32.421;0.00527344;6.12336
33.4968;0.00660156;6.53465
34.5905;0.00808594;6.59983
35.7418;0.0112891;7.37471
36.7426;0.0128906;7.84771
37.8108;0.0145313;8.27583
38.9408;0.0161328;8.72746
40.1221;0.0179297;9.00321
41.3272;0.0198437;9.04516
42.5297;0.0217578;9.00844
43.725;0.0233203;8.77073
44.8741;0.0251563;8.38469
45.9729;0.0273438;8.01325
47.0231;0.0294922;7.65517
48.0265;0.0315234;7.31063
49.2174;0.0338672;6.91535
50.3431;0.0360547;6.5228
51.4038;0.0380469;6.21427
52.4144;0.0369141;5.9805
53.5877;0.0404297;5.74982
54.7475;0.0407031;5.78454
55.937;0.0446094;6.18905
57.0321;0.0479687;7.05387
58.2397;0.0514062;7.68811
59.2805;0.0545703;8.16625
60.384;0.0580859;8.63514
61.5488;0.0618359;9.07809
62.7723;0.0658203;9.50986
64.0523;0.07;9.89657
65.3537;0.0742578;9.87708
66.646;0.0785156;9.60227
67.9024;0.0826172;9.25663
69.1138;0.0865625;8.91531
70.2729;0.0905469;8.49964
71.3753;0.0950391;8.06197
72.4201;0.0998437;7.67088
73.4215;0.104883;7.46081
74.6401;0.113477;7.26544
75.8124;0.124023;6.94328
76.9459;0.135977;6.63735
78.0238;0.144492;6.29908
79.0557;0.150117;5.88189
80.2385;0.159844;5.93683
81.4196;0.16793;5.9846
82.5843;0.176563;5.55969
83.699;0.189023;5.52004
84.8117;0.200469;5.64803
85.9624;0.209531;6.13458
87.0338;0.218711;6.9435
88.2244;0.228672;7.37958
89.2481;0.237031;7.96252
90.3365;0.246133;8.34413
91.4882;0.255703;8.91159
92.7002;0.265703;9.3598
93.9706;0.276289;9.79246
95.2974;0.287383;10.1077
96.3286;0.295937;10.5155
97.3901;0.304961;10.8147
98.4813;0.314063;11.1084
99.6016;0.323633;11.3843
100.741;0.333203;11.4512
101.882;0.343125;11.3488
103.008;0.352891;11.1299
104.112;0.3625;10.864
105.188;0.371641;10.6701
106.236;0.380859;10.3262
107.263;0.389531;10.1674
108.276;0.398242;10.0709
109.281;0.406445;9.99954
110.609;0.4175;9.86386
111.913;0.428398;9.7019
113.181;0.438984;9.38551
114.402;0.449023;8.95943
115.586;0.458281;8.76596
116.748;0.467148;8.63719
117.895;0.475781;8.56118
119.035;0.484375;8.51228
120.164;0.49293;8.42324
121.273;0.501289;8.24464
122.353;0.509414;7.93569
123.397;0.517305;7.70425
124.416;0.524961;7.53575
125.662;0.534492;7.39762
126.89;0.543516;7.34813
128.117;0.552891;7.34862
129.343;0.561797;7.38772
130.373;0.568359;7.90973
131.47;0.575117;8.526
132.632;0.582227;8.99885
133.855;0.589805;9.4596
135.139;0.597773;9.90399
136.141;0.604062;10.2277
137.174;0.61043;10.5428
138.239;0.617227;10.851
139.334;0.624062;11.1532
140.459;0.63125;11.3517
141.614;0.638516;11.7419
142.797;0.646172;12.0354
144.01;0.653906;12.3127
145.25;0.661953;12.558
146.506;0.670039;12.6077
147.764;0.67832;12.5164
149.006;0.686406;12.2842
150.226;0.694414;12.0476
151.421;0.70207;11.769
152.586;0.709687;11.4481
153.719;0.716719;11.1061
154.818;0.723789;10.7463
155.88;0.730391;10.3845
156.907;0.736797;10.0736
158.236;0.744922;9.80706
159.536;0.752734;9.6688
160.821;0.76043;9.5819
162.097;0.768125;9.54989
163.37;0.775781;9.53433
164.643;0.783437;9.69
165.959;0.792188;10.1392
166.984;0.79918;10.4588
168.04;0.806562;10.7758
169.129;0.814102;11.086
170.247;0.821992;11.3901
171.396;0.830039;11.6885
172.575;0.838359;11.9818
173.783;0.846875;12.2704
175.019;0.855703;12.4474
176.271;0.864609;12.5729
177.526;0.873672;12.5617
178.764;0.882578;12.2373
179.979;0.891406;12.0213
181.175;0.899844;11.8696
182.359;0.908398;11.789
183.536;0.916562;11.7425
184.71;0.925039;11.7265
185.883;0.933203;11.743
187.059;0.94168;11.7945
188.242;0.949922;11.8872
189.429;0.958477;11.843
190.613;0.966875;11.9383
191.819;0.975547;12.2752
193.058;0.984414;12.6055
194.33;0.993594;12.9285
195.634;1.00301;13.2443
196.968;1.0127;13.5537
198.334;1.02258;13.8568
199.73;1.03281;14.1612
201.155;1.04324;14.4463
202.607;1.05395;14.6127
204.058;1.06461;14.6122
205.516;1.07543;14.7711
206.985;1.08629;14.9803
208.472;1.09738;15.0623
209.964;1.10848;15.0367
211.439;1.11949;14.9415
212.911;1.13047;14.8061
214.376;1.14145;14.6478
215.834;1.15227;14.4754
217.276;1.16301;14.2959
218.703;1.17352;14.2293
220.121;1.18406;14.2511
221.528;1.19437;13.9283
222.91;1.20457;13.7324
224.264;1.21445;13.4492
225.59;1.22422;13.0848
226.89;1.23367;12.9078
228.163;1.24293;12.563
229.412;1.25191;12.3424
230.641;1.2609;12.2277
231.86;1.26961;12.2041
233.079;1.27852;12.1799
234.293;1.28715;12.0592
235.489;1.2959;11.7901
236.66;1.30512;11.6542
237.816;1.31492;11.4866
238.963;1.32453;11.4187
240.103;1.33441;11.3443
241.233;1.34398;11.2599
242.346;1.35367;10.9921
243.435;1.36281;10.8203
244.498;1.37207;10.4791
245.54;1.38082;10.3073
246.566;1.38977;10.2064
247.582;1.39828;10.1356
248.585;1.40699;10.0972
249.587;1.41527;10.0879
250.589;1.42395;10.0678
251.591;1.43223;10.2225
252.614;1.44047;10.5384
253.674;1.44863;10.8528
254.759;1.45715;11.151
255.871;1.4657;11.4472
257.015;1.47473;11.7386
258.185;1.48379;11.9307
259.382;1.49328;12.3078
260.612;1.50293;12.5868
261.864;1.51285;12.8622
263.142;1.52289;12.996
264.422;1.53309;13.0266
265.705;1.54316;13.169
267.012;1.55359;13.4739
268.345;1.56414;13.7592
269.706;1.57504;14.0273
271.089;1.58605;14.2921
272.499;1.59742;14.5486
273.93;1.60891;14.7978
275.387;1.62066;15.0401
276.869;1.63266;15.2783
277.877;1.64086;15.3567
278.892;1.64914;15.5886
279.916;1.6575;15.6649
280.95;1.66594;15.8914
281.992;1.67449;16.0398
283.039;1.68309;16.1942
284.096;1.69184;16.3329
285.166;1.70066;16.4628
286.239;1.70953;16.5118
287.312;1.7184;16.462
288.383;1.72727;16.4484
289.455;1.73609;16.4026
290.521;1.74492;16.3214
291.584;1.75371;16.215
292.642;1.76246;16.0898
293.69;1.77113;15.9495
294.738;1.77977;15.7987
295.772;1.78828;15.6397
296.792;1.79664;15.4753
297.804;1.80496;15.3106
299.297;1.81719;15.1058
300.783;1.82934;14.9908
302.245;1.84129;14.9743
303.714;1.85328;14.937
305.171;1.8652;14.8143
306.616;1.87695;14.5086
308.021;1.8884;14.2214
309.395;1.89957;13.8762
310.739;1.91043;13.5366
312.045;1.92094;13.3179
313.325;1.93129;12.9651
314.577;1.94125;12.7802
315.816;1.95121;12.6612
317.04;1.9609;12.6026
318.262;1.97074;12.5914
319.476;1.98039;12.6517
320.705;1.99016;12.8941
321.965;2.00008;13.1385
323.242;2.0102;13.3817
324.53;2.02031;13.6289
325.838;2.0307;13.8635
327.183;2.04141;14.1117
328.532;2.05227;14.3432
329.899;2.0632;14.5811
331.29;2.07445;14.8172
332.694;2.08578;14.7742
334.086;2.09707;14.8584
335.499;2.10852;15.1225
336.937;2.12027;15.3346
337.939;2.12844;15.4152
339.404;2.14035;15.4392
340.886;2.15254;15.3781
342.346;2.16449;15.2655
343.796;2.17641;15.1242
345.235;2.18812;14.9933
346.665;2.19984;14.9469
348.093;2.21145;14.9288
349.521;2.22312;14.8964
350.954;2.2348;14.805
352.377;2.24645;14.7513
353.8;2.25797;14.7909
355.229;2.26961;14.8523
356.659;2.28121;14.8254
358.085;2.29285;14.7172
359.503;2.30434;14.5568
360.91;2.31578;14.3764
362.288;2.32691;14.2475
363.657;2.33801;14.2101
365.022;2.34895;14.2134
366.375;2.35992;13.9786
367.696;2.37051;13.5993
368.996;2.38102;13.3871
370.282;2.39129;13.2384
371.548;2.40145;13.1485
372.804;2.41148;13.1127
374.067;2.42164;13.1177
375.318;2.4316;13.1591
376.572;2.44176;13.2385
377.83;2.4518;13.2546
379.085;2.46199;13.1912
380.361;2.4723;13.4984
381.658;2.48281;13.7916
382.983;2.49348;14.0818
384.337;2.51031;14.3535
385.712;2.55605;14.6195
387.112;2.61051;14.8698
388.539;2.6734;15.0293
389.987;2.74199;15.0792
391.416;2.8116;15.0233
392.842;2.88191;14.9821
394.271;2.9527;14.979
395.683;3.02266;14.7204
397.054;3.09066;14.24
398.396;3.15715;13.9388
399.73;3.2232;13.7065
401.031;3.28754;13.5314
402.309;3.35066;13.4179
403.582;3.41352;13.3715
404.842;3.47566;13.3463
406.134;3.54621;13.3653
407.423;3.65133;13.3426
408.693;3.81227;13.2771
409.956;4.02719;13.556
411.234;4.26578;13.8341
412.537;4.52602;14.1106
413.859;4.79875;14.3758
415.201;5.07871;14.56
416.523;5.35574;14.6412
417.905;5.64543;14.6147
419.299;5.93777;14.511
420.686;6.22867;14.4396
422.056;6.51566;14.3862
423.446;6.80691;14.3939
424.813;7.09324;14.058
426.141;7.37121;13.796
427.454;7.64617;13.594
428.727;7.91273;13.4568
430.001;8.17953;13.3768
431.264;8.45949;13.3393
432.511;8.77988;13.3264
433.757;9.16461;13.3547
435.005;9.59582;13.4435
436.237;10.04;13.3883
437.481;10.5041;13.4984
438.755;10.9856;13.8122
440.056;11.48;14.126
441.366;11.9783;14.4322
442.711;12.4905;14.6332
444.084;13.0127;15.0228
445.481;13.5448;15.3169
446.432;13.9064;15.5094
447.392;14.2718;15.699
448.363;14.6414;15.8858
449.346;15.0156;16.0643
450.335;15.3943;16.0467
451.328;15.788;16.0215
452.311;16.2011;16.0763
453.289;16.6479;16.1891
454.258;17.1291;16.2544
455.209;17.6469;16.2476
456.137;18.2018;16.1985
457.038;18.7934;16.1249
457.908;19.4189;16.0277
458.756;20.0654;15.9134
459.582;20.7279;15.81
460.39;21.4049;15.7016
461.181;22.0894;15.599
461.96;22.776;15.5273
462.732;23.4644;15.5076
463.502;24.1545;15.5176
464.271;24.8457;15.5063
465.039;25.5369;15.4952
465.805;26.2278;15.4225
466.568;26.9152;15.3658
467.33;27.6016;15.3491
468.09;28.2891;15.3595
468.841;28.9856;15.3828
469.578;29.6995;15.4126
470.294;30.4368;15.4452
470.986;31.1997;15.489
471.654;31.9887;15.5689
472.31;32.7955;15.6759
472.957;33.6179;15.783
473.597;34.4558;15.8725
474.232;35.3051;15.9214
474.864;36.1593;15.9145
475.492;37.0135;15.8959
476.118;37.8679;15.8857
476.743;38.7219;15.7432
477.359;39.565;15.4841
477.965;40.3944;15.2242
478.561;41.2101;14.9775
479.438;42.4102;14.6615
480.297;43.5867;14.4015
481.145;44.7464;14.2157
481.981;45.8912;14.0685
482.809;47.0245;14.0159
483.635;48.1545;13.9571
484.459;49.2835;13.9812
485.259;50.4273;13.952
486.009;51.6015;14.0527
486.708;52.8307;14.2243
487.342;54.1099;14.4502
487.906;55.4451;14.6166
488.392;56.8291;14.739
488.792;58.2596;14.9266
489.007;59.2375;15.0932
489.181;60.2309;15.207
489.312;61.2374;15.3549
489.42;62.2571;15.4938
489.509;63.2877;15.6055
489.582;64.3255;15.6413
489.645;65.3644;15.6159
489.702;66.4022;15.603
489.755;67.4391;15.4412
489.806;68.4627;15.3229
489.856;69.4699;14.9503
489.928;70.9483;14.5651
489.998;72.3886;14.1807
490.067;73.7935;13.8577
490.134;75.1689;13.6229
490.201;76.5226;13.4132
490.266;77.8587;13.3405
490.332;79.1878;13.2221
490.397;80.5088;13.1954
490.462;81.8309;13.1357
490.52;83.1536;13.4577
490.543;84.5045;13.5903
490.503;85.8709;13.8472
490.39;87.2559;14.0021
490.198;88.6497;14.2535
489.957;90.062;14.476
489.685;91.4927;14.7418
489.393;92.9436;14.924
489.092;94.4115;15.1495
488.887;95.4014;15.2877
488.681;96.3957;15.2055
488.475;97.389;15.1865
488.277;98.3823;15.2817
488.093;99.3861;15.4192
487.935;100.403;15.5488
487.808;101.432;15.6582
487.716;102.473;15.768
487.663;103.523;15.8704
487.652;104.582;15.9663
487.684;105.647;16.0948
487.745;106.721;16.1636
487.827;107.801;16.3262
487.93;108.885;16.3717
488.046;109.97;16.3666
488.17;111.053;16.3298
488.298;112.131;16.287
488.428;113.207;16.2327
488.559;114.281;16.2158
488.691;115.354;16.1251
488.822;116.417;15.9803
488.951;117.473;15.885
489.081;118.522;15.8398
489.209;119.57;15.8288
489.338;120.617;15.8372
489.467;121.665;15.8768
489.596;122.716;15.8876
489.725;123.766;15.828
489.854;124.811;15.7473
489.981;125.851;15.641
490.108;126.884;15.5161
490.234;127.909;15.3813
490.358;128.923;15.317
490.482;129.934;15.2244
490.607;130.944;15.2121
490.737;131.952;15.0825
490.881;132.942;14.7722
491.137;134.38;14.3229
491.45;135.76;13.8348
491.824;137.076;13.5341
492.255;138.326;12.973
492.711;139.525;12.6028
493.179;140.682;12.2046
493.649;141.802;11.9792
494.117;142.895;11.6508
494.58;143.96;11.5781
495.041;145.016;11.3912
495.497;146.061;11.4292
495.953;147.106;11.3006
496.406;148.143;11.3795
496.861;149.186;11.4297
497.324;150.247;11.8073
497.801;151.338;11.9849
498.285;152.447;12.3425
498.781;153.583;12.4576
499.281;154.73;12.6216
499.785;155.884;12.5047
500.284;157.027;12.4319
500.779;158.163;12.3567
501.268;159.283;12.2055
501.757;160.403;12.1701
502.238;161.505;11.8245
502.705;162.575;11.4083
503.159;163.614;11.2333
503.606;164.638;10.993
504.045;165.644;10.979
504.481;166.643;10.6944
504.907;167.618;10.5512
505.325;168.576;10.1538
505.728;169.5;9.93947
506.246;170.687;9.52571
506.745;171.83;9.26528
507.233;172.946;9.10788
507.713;174.046;9.00417
508.191;175.134;8.82769
508.714;176.194;8.86034
509.291;177.215;8.98673
509.879;178.276;9.40745
510.495;179.383;9.58152
511.137;180.536;10.2058
511.637;181.433;10.3749
512.148;182.35;10.7901
512.675;183.297;10.9414
513.219;184.258;11.3041
513.81;185.227;11.4301
514.461;186.177;11.7375
515.155;187.132;11.8994
515.867;188.097;12.2366
516.603;189.081;12.3962
517.354;190.08;12.7269
518.122;191.102;12.8898
518.899;192.134;13.0191
519.678;193.169;12.8301
520.456;194.203;13.1892
521.253;195.263;13.3816
522.064;196.34;13.7067
522.891;197.441;13.8887
523.731;198.557;14.186
524.588;199.696;14.3607
525.455;200.849;14.6315
526.337;202.022;14.7322
527.223;203.2;14.8151
528.11;204.379;14.6865
528.992;205.551;14.6196
529.865;206.712;14.3559
530.722;207.852;14.1515
531.566;208.974;13.8434
532.393;210.073;13.6384
533.207;211.156;13.4126
534.024;212.214;13.3871
534.876;213.241;13.2624
535.77;214.215;13.1924
536.708;215.131;13.0472
537.675;216.003;12.9971
538.65;216.854;12.689
539.604;217.668;12.3888
540.53;218.451;12.0155
541.422;219.202;11.4665
542.288;219.931;11.044
543.127;220.638;10.8977
543.955;221.334;10.635
544.767;222.019;10.6495
545.578;222.701;10.4725
546.379;223.377;10.5473
547.183;224.054;10.5267
547.979;224.725;10.5462
548.801;225.394;10.6576
549.662;226.033;10.8513
550.567;226.626;10.7488
551.496;227.162;10.7624
552.43;227.683;10.5303
553.35;228.188;10.4893
554.266;228.685;10.2892
555.172;229.175;10.3656
556.081;229.666;10.2477
556.983;230.154;10.3457
557.887;230.643;10.0646
558.768;231.12;9.9449
559.93;231.748;9.89981
561.08;232.371;9.83678
562.224;232.992;9.83334
563.371;233.612;9.88582
564.528;234.238;9.84614
565.41;234.716;10.1129
566.584;235.35;9.90021
567.468;235.828;10.3864
568.39;236.326;10.633
569.338;236.839;11.1074
570.324;237.372;11.3433
571.333;237.917;11.8002
572.379;238.482;12.0259
573.453;239.055;12.4532
574.573;239.612;12.6581
575.74;240.127;13.0268
576.943;240.616;12.9287
578.145;241.09;13.1139
579.379;241.565;13.3894
580.641;242.045;13.8024
581.94;242.537;14.0674
583.266;243.039;14.4451
584.625;243.553;14.7009
586.009;244.077;15.0478
586.948;244.432;15.24
587.899;244.792;15.4295
588.862;245.157;15.6172
589.837;245.525;15.7997
590.826;245.892;15.9653
591.83;246.246;16.0831
592.847;246.575;16.0505
593.872;246.871;16.0294
594.904;247.142;16.0176
595.938;247.4;15.9802
596.974;247.641;15.9139
598.007;247.87;15.8245
599.036;248.089;15.7162
600.059;248.303;15.5977
601.071;248.512;15.463
602.069;248.716;15.3583
603.056;248.918;15.2837
604.518;249.216;15.2545
605.966;249.511;15.3013
607.408;249.805;15.3948
608.843;250.097;15.4457
610.269;250.387;15.4371
611.672;250.673;15.2138
613.044;250.953;15.0293
614.39;251.227;14.9203
615.714;251.497;14.8416
617.022;251.763;14.8076
618.317;252.027;14.8193
619.605;252.289;14.844
620.892;252.551;14.9307
622.184;252.814;15.0228
623.54;253.091;15.1374
624.933;253.374;15.1315
626.327;253.659;15.261
627.74;253.946;15.5855
629.18;254.24;15.798
630.643;254.537;16.2145
631.63;254.738;16.4228
632.629;254.942;16.5289
633.641;255.148;16.831
634.665;255.356;17.0317
635.701;255.567;17.2308
636.752;255.781;17.428
637.815;255.997;17.6234
638.888;256.216;17.818
639.974;256.437;18.0103
641.069;256.659;18.1316
642.17;256.883;18.1397
643.269;257.107;18.1408
644.372;257.326;18.351
645.49;257.534;18.5353
646.624;257.721;18.7122
647.768;257.89;18.9049
648.918;258.049;19.079
650.085;258.199;19.1523
651.257;258.337;19.3083
652.431;258.468;19.3555
653.61;258.593;19.3613
654.786;258.714;19.3353
655.966;258.833;19.2785
657.146;258.95;19.22
658.323;259.066;19.1412
659.5;259.182;19.0535
660.669;259.296;19.0398
661.839;259.411;19.0483
663.007;259.524;19.0504
664.173;259.638;18.8838
665.324;259.75;18.7036
666.467;259.862;18.5435
667.599;259.973;18.3751
668.726;260.083;18.2076
669.842;260.192;18.0419
670.948;260.3;17.8768
672.045;260.407;17.7137
673.132;260.513;17.5509
674.207;260.618;17.3904
675.271;260.723;17.2308
676.33;260.826;17.0719
677.376;260.929;16.9148
678.409;261.03;16.7473
679.436;261.131;16.7381
680.457;261.23;16.75
681.478;261.33;16.7654
682.492;261.429;16.4987
683.494;261.527;16.2309
684.961;261.671;15.8176
686.393;261.812;15.4333
687.795;261.95;15.036
689.16;262.084;14.6446
690.484;262.214;14.2592
691.785;262.342;13.9097
693.03;262.464;13.5996
694.258;262.585;13.3816
695.465;262.705;13.1971
696.659;262.824;13.0882
697.842;262.963;12.991
699.012;263.143;12.9755
700.182;263.376;12.9849
701.34;263.63;13.126
702.523;263.904;13.3711
703.725;264.191;13.6791
704.953;264.49;13.9197
706.215;264.799;14.2292
707.498;265.112;14.4751
708.795;265.43;14.7612
710.115;265.752;15.0269
711.476;266.085;15.2134
712.848;266.426;15.4968
714.231;266.802;15.6623
715.603;267.233;15.6374
716.963;267.721;15.9519
717.94;268.092;16.1493
718.925;268.482;16.2971
719.915;268.885;16.4216
720.914;269.302;16.4769
721.913;269.723;16.4882
722.911;270.147;16.4674
723.904;270.572;16.424
724.894;270.996;16.3652
725.881;271.419;16.309
726.868;271.841;16.2796
727.858;272.264;16.2952
728.849;272.689;16.3471
729.846;273.116;16.3727
730.844;273.544;16.4003
731.844;273.974;16.3693
732.84;274.402;16.3426
733.831;274.828;16.3531
734.82;275.26;16.367
735.805;275.708;16.4109
736.786;276.183;16.4917
737.749;276.686;16.5567
738.705;277.229;16.6356
739.652;277.806;16.75
740.593;278.406;16.8792
741.529;279.028;17.0188
742.464;279.67;17.1646
743.384;280.313;17.2984
744.323;280.975;17.3891
745.26;281.641;17.4199
746.201;282.311;17.4485
747.148;282.99;17.4784
748.09;283.667;17.2732
749.016;284.333;17.0544
749.929;284.989;16.8256
750.833;285.641;16.5874
751.687;286.267;16.3491
752.545;286.919;16.1299
753.373;287.582;15.8728
754.171;288.262;15.7297
754.934;288.964;15.4741
755.659;289.685;15.0582
756.656;290.784;14.6413
757.564;291.91;14.2082
758.398;293.03;13.9723
759.188;294.145;13.4683
759.938;295.234;13.0957
760.675;296.31;12.7255
761.38;297.364;12.4679
762.03;298.403;11.9527
762.615;299.433;11.6885
763.137;300.46;11.2386
763.598;301.47;10.9673
764.036;302.455;10.5127
764.449;303.402;10.2627
764.852;304.339;9.93604
765.374;305.56;9.69516
765.881;306.746;9.51381
766.379;307.914;9.44719
766.875;309.08;9.45325
767.373;310.248;9.49852
767.855;311.428;9.51884
768.262;312.654;9.9198
768.514;313.631;10.4015
768.766;314.655;10.6166
769.012;315.675;10.9398
769.255;316.699;10.9363
769.498;317.726;11.0206
769.743;318.76;10.8484
769.985;319.782;10.8568
770.227;320.806;10.7626
770.471;321.832;10.8752
770.717;322.876;10.5594
770.961;323.901;10.4422
771.202;324.914;10.1895
771.42;325.909;10.2134
771.589;326.911;10.0369
771.7;327.91;10.1416
771.802;328.917;10.0552
771.9;329.922;10.2265
771.996;330.938;10.1982
772.092;331.958;10.3436
772.188;332.985;10.3522
772.283;334.003;10.4569
772.365;335.075;10.9236
772.403;336.162;11.3318
772.379;337.29;11.5576
772.296;338.422;11.9465
772.142;339.596;12.1471
771.943;340.797;12.5913
771.722;342.036;12.8492
771.489;343.285;13.2461
771.247;344.559;13.1497
771.005;345.826;13.342
770.756;347.126;13.62
770.502;348.456;14.0133
770.241;349.815;14.2258
769.976;351.197;14.6362
769.705;352.609;14.887
769.428;354.022;15.1943
769.112;355.45;15.4018
768.731;356.884;15.6331
768.434;357.844;15.7659
768.103;358.792;15.8904
767.733;359.734;16.0081
767.324;360.665;16.1202
766.873;361.584;16.1741
766.356;362.532;16.3549
765.8;363.471;16.5181
765.215;364.407;16.6937
764.603;365.342;16.8706
763.969;366.275;17.048
763.319;367.21;17.2238
762.657;368.151;17.3949
761.986;369.1;17.5697
761.308;370.056;17.7257
760.624;371.019;17.8319
759.936;371.987;17.8138
759.245;372.957;17.8326
758.549;373.922;17.7978
757.842;374.872;17.7574
757.116;375.799;17.5868
756.368;376.697;17.4399
755.596;377.562;17.2768
754.801;378.389;17.0862
753.982;379.174;16.8797
753.136;379.914;16.676
752.268;380.607;16.4616
751.382;381.247;16.244
750.479;381.836;16.025
749.56;382.373;15.8053
748.63;382.858;15.5862
747.69;383.291;15.3729
746.741;383.68;15.3719
745.78;384.043;15.3671
744.807;384.381;15.2398
743.845;384.698;14.9398
742.433;385.139;14.5584
741.052;385.555;14.2245
739.698;385.956;13.9613
738.366;386.346;13.6933
737.056;386.722;13.5545
735.753;387.092;13.3783
734.463;387.457;13.3763
733.179;387.819;13.3044
731.9;388.181;13.3647
730.616;388.544;13.3936
729.316;388.913;13.5825
727.986;389.29;13.9614
726.631;389.675;14.2988
725.244;390.069;14.4791
723.839;390.467;14.8298
722.407;390.874;15.0569
721.438;391.149;15.2385
720.457;391.429;15.42
719.465;391.712;15.6007
718.461;391.998;15.781
717.45;392.286;15.7774
716.437;392.574;15.7711
715.424;392.862;15.7741
714.404;393.153;16.0571
713.372;393.447;16.2527
712.326;393.746;16.4448
711.269;394.048;16.6328
710.2;394.354;16.8173
709.118;394.664;17.0015
708.027;394.975;17.1734
706.925;395.289;17.3524
705.807;395.607;17.5202
704.679;395.93;17.6915
703.542;396.255;17.8482
702.397;396.584;17.977
701.244;396.915;18.0519
700.089;397.247;18.037
698.937;397.583;18.0198
697.793;397.937;17.9581
696.661;398.316;17.8283
695.545;398.731;17.6858
694.451;399.171;17.5314
693.377;399.624;17.373
692.321;400.091;17.294
691.282;400.567;17.0528
690.259;401.048;16.8829
689.247;401.531;16.7121
688.247;402.014;16.5366
687.255;402.496;16.3522
686.273;402.975;16.1703
685.306;403.447;15.986
684.352;403.913;15.8054
683.406;404.377;15.8129
682.458;404.841;15.8086
681.511;405.306;15.8373
680.578;405.764;15.3704
679.663;406.213;15.0823
678.761;406.657;14.8184
677.435;407.308;14.501
676.144;407.944;14.2089
674.876;408.568;14.0553
673.623;409.186;13.8455
672.383;409.798;13.8126
671.152;410.425;13.7082
669.947;411.095;13.7035
668.785;411.821;13.5818
667.673;412.605;13.7207
666.601;413.463;13.7692
665.563;414.369;13.7983
664.545;415.295;13.6671
663.547;416.23;13.5475
662.564;417.16;13.3208
661.601;418.076;13.2953
660.639;418.991;13.2295
659.679;419.905;13.3563
658.712;420.824;13.3253
657.75;421.739;13.2672
656.809;422.657;12.9224
655.919;423.588;12.7675
655.089;424.55;12.5518
654.323;425.541;12.5177
653.62;426.572;12.4148
652.985;427.638;12.4077
652.416;428.746;12.4521
651.913;429.888;12.607
651.434;431.057;12.6537
650.97;432.233;12.6479
650.515;433.412;12.6657
650.057;434.607;13.0483
649.587;435.833;13.2806
649.109;437.084;13.6409
648.621;438.367;13.8327
648.149;439.681;14.1786
647.723;441.04;14.3654
647.362;442.438;14.6362
647.076;443.879;14.834
646.876;445.355;14.9799
646.77;446.844;14.9032
646.755;448.336;15.1093
646.772;449.346;15.3135
646.809;450.369;15.4806
646.858;451.402;15.596
646.916;452.44;15.6556
646.977;453.482;15.664
647.04;454.522;15.6325
647.104;455.561;15.5786
647.169;456.595;15.5368
647.233;457.622;15.4196
647.296;458.637;15.3262
647.359;459.64;15.2247
647.451;461.12;15.0616
647.542;462.579;15.12
647.632;464.027;15.0011
647.72;465.441;14.7529
647.806;466.819;14.4779
647.889;468.161;14.257
647.97;469.47;14.0045
648.049;470.744;13.7928
648.126;471.989;13.5551
648.202;473.201;13.4112
648.276;474.384;13.1299
648.347;475.537;12.9546
648.418;476.668;12.8775
648.487;477.787;12.9579
648.551;478.895;12.6466
648.593;479.963;12.3016
648.6;480.994;12.0531
648.594;482.003;11.5698
648.58;483.288;11.135
648.564;484.29;10.7884
648.54;485.584;10.5222
648.516;486.853;10.3839
648.49;488.116;10.3397
648.465;489.375;10.3518
648.441;490.643;10.3795
648.416;491.915;10.4852
648.391;493.216;10.8833
648.371;494.221;11.2717
648.352;495.259;11.4887
648.33;496.324;11.8633
648.308;497.426;12.0834
648.286;498.555;12.4405
648.251;499.714;12.6432
648.178;500.9;12.933
648.052;502.111;13.1203
647.872;503.342;13.162
647.677;504.574;13.2396
647.461;505.824;13.5948
647.233;507.097;13.8504
646.999;508.395;14.1869
646.758;509.726;14.4285
646.513;511.077;14.7322
646.263;512.46;14.8649
646.009;513.855;14.9754
645.756;515.244;14.9295
645.504;516.625;14.8732
645.254;518.008;14.8876
645.003;519.391;14.9009
644.754;520.76;14.5957
644.507;522.111;14.3845
644.264;523.437;14.1379
644.028;524.731;13.9377
643.798;525.992;13.6985
643.574;527.225;13.5095
643.352;528.446;13.2776
643.132;529.651;13.1692
642.912;530.841;13.0927
642.67;532.026;13.1287
642.383;533.213;13.0607
642.052;534.35;12.7741
641.682;535.437;12.4245
641.271;536.471;12.1443
640.775;537.543;11.7733
640.237;538.573;11.5325
639.694;539.578;11.2101
639.154;540.559;11.1261
638.618;541.527;10.9288
638.09;542.478;10.9959
637.565;543.427;10.9016
637.042;544.368;11.008
636.519;545.312;10.9032
635.998;546.253;11.1837
635.461;547.22;11.3901
634.913;548.205;11.7835
634.325;549.208;11.9569
633.684;550.202;12.2798
632.981;551.183;12.4556
632.221;552.133;12.7449
631.388;553.062;12.922
630.496;553.963;13.232
629.569;554.868;13.2727
628.632;555.757;13.2579
627.687;556.644;13.5055
626.728;557.54;13.7897
625.757;558.445;13.8882
624.777;559.358;14.0655
623.787;560.282;14.1715
622.788;561.212;14.3697
621.77;562.161;14.4962
620.748;563.115;14.6943
619.717;564.077;14.8337
618.676;565.04;14.8793
617.613;565.977;14.7732
616.514;566.866;14.8016
615.359;567.708;14.7988
614.147;568.489;14.8237
612.869;569.23;14.9864
611.552;569.95;15.12
610.66;570.42;15.2264
609.758;570.887;15.3534
608.847;571.355;15.4546
607.928;571.824;15.5734
607;572.298;15.6925
606.064;572.775;15.7379
605.128;573.252;15.7749
604.211;573.72;15.7153
603.28;574.195;15.7966
602.341;574.673;15.931
601.394;575.156;16.0762
600.461;575.632;16.2227
599.499;576.123;16.3652
598.521;576.614;16.4902
597.537;577.09;16.5955
596.531;577.545;16.684
595.504;577.972;16.7691
594.458;578.368;16.9077
593.397;578.745;17.0049
592.321;579.108;17.1327
591.234;579.457;17.2636
590.131;579.797;17.3915
589.018;580.132;17.5179
587.898;580.464;17.6429
586.769;580.797;17.7676
585.632;581.131;17.8914
584.486;581.466;18.0145
583.333;581.804;18.1368
582.171;582.144;18.2589
581;582.488;18.3775
579.822;582.833;18.4353
578.639;583.18;18.611
577.448;583.529;18.7263
576.258;583.877;18.8422
575.057;584.229;18.958
573.844;584.585;19.0712
572.669;584.93;19.1693
571.441;585.29;19.2038
570.229;585.644;19.1673
569.011;585.987;19.1284
567.794;586.305;19.0053
566.564;586.592;18.8488
565.34;586.839;18.6583
564.117;587.043;18.4519
562.902;587.215;18.2463
561.697;587.357;18.0431
560.504;587.47;17.8372
559.323;587.561;17.6278
558.156;587.637;17.4139
557.002;587.703;17.1967
555.862;587.762;16.9774
554.735;587.817;16.7585
553.623;587.87;16.5356
552.528;587.92;16.314
551.441;587.97;16.2915
550.356;588.02;16.2507
549.274;588.07;16.0748
548.215;588.118;15.7218
547.175;588.166;15.553
546.158;588.212;15.0189
544.676;588.281;14.68
543.245;588.347;13.98
541.868;588.41;13.5261
540.533;588.472;13.058
539.241;588.532;12.7558
537.981;588.591;12.3103
536.763;588.647;12.0285
535.574;588.703;11.6567
534.416;588.757;11.5383
533.272;588.81;11.3259
532.143;588.863;11.3266
531.017;588.916;11.1586
529.903;588.968;11.2003
528.787;589.021;11.2044
527.657;589.074;11.3696
526.496;589.128;11.718
525.321;589.184;12.0168
524.117;589.24;12.1657
522.893;589.298;12.4904
521.641;589.357;12.6406
520.377;589.417;12.9525
519.078;589.478;13.1058
517.767;589.54;13.1119
516.454;589.602;13.0433
515.144;589.663;13.3644
513.804;589.727;13.5478
512.442;589.791;13.8571
511.053;589.857;14.03
509.644;589.923;14.1828
508.21;589.991;14.479
506.759;590.059;14.7358
505.284;590.129;14.898
503.79;590.2;15.137
502.783;590.248;15.2669
501.766;590.294;15.3882
500.741;590.328;15.4937
499.709;590.341;15.5784
498.672;590.322;15.6599
497.629;590.268;15.7461
496.582;590.186;15.8604
495.53;590.088;15.9811
494.469;589.974;16.1027
493.403;589.847;16.2247
492.329;589.711;16.3463
491.247;589.57;16.4669
490.159;589.426;16.5864
489.062;589.28;16.6411
487.957;589.132;16.8211
486.845;588.982;16.9384
485.727;588.832;17.0559
484.599;588.681;17.1716
483.464;588.529;17.2865
482.321;588.376;17.4004
481.171;588.221;17.5138
480.013;588.066;17.6268
478.848;587.91;17.7412
477.675;587.753;17.8496
476.496;587.595;17.9617
475.309;587.436;18.0925
474.115;587.276;18.1685
472.917;587.116;18.1145
471.722;586.956;18.0699
470.531;586.796;18.0228
469.343;586.637;17.9308
468.164;586.479;17.7676
466.994;586.323;17.6054
465.836;586.168;17.4273
464.69;586.014;17.2374
463.555;585.863;17.039
462.434;585.713;16.8563
461.327;585.565;16.7309
460.233;585.419;16.4121
459.152;585.274;16.2041
458.087;585.132;15.9849
457.038;584.992;15.7688
456;584.853;15.5522
454.977;584.717;15.4839
453.956;584.581;15.4357
452.938;584.445;15.3902
451.929;584.311;15.0436
450.461;584.115;14.5384
449.037;583.925;14.1228
447.652;583.741;13.7293
446.301;583.562;13.4777
444.976;583.385;13.198
443.673;583.212;13.084
442.38;583.04;12.9627
441.098;582.87;12.9771
439.816;582.7;12.866
438.543;582.531;12.8296
437.264;582.359;13.0051
435.971;582.16;13.3026
434.665;581.902;13.4212
433.349;581.601;13.7331
432.01;581.28;13.8961
430.654;580.942;14.1858
429.274;580.593;14.3656
427.875;580.237;14.647
426.451;579.874;14.8307
425.018;579.509;14.7887
423.589;579.145;14.8025
422.146;578.777;15.1016
421.17;578.529;15.2696
420.183;578.276;15.447
419.191;578.009;15.5675
418.194;577.718;15.6832
417.199;577.396;15.8136
416.209;577.039;15.9122
415.218;576.651;16.046
414.225;576.246;16.1878
413.232;575.822;16.3295
412.235;575.384;16.4571
411.234;574.935;16.5021
410.229;574.482;16.5117
409.228;574.027;16.4735
408.23;573.572;16.4335
407.235;573.118;16.3359
406.243;572.665;16.2683
405.257;572.213;16.2344
404.276;571.765;16.2284
403.293;571.316;16.2446
402.309;570.866;16.2714
401.329;570.403;16.2988
400.357;569.919;16.3191
399.398;569.406;16.3423
398.456;568.855;16.3656
397.532;568.273;16.3836
396.636;567.653;16.4396
395.764;566.996;16.4111
394.919;566.302;16.3659
394.111;565.575;16.2764
393.328;564.827;16.2085
392.565;564.06;16.3245
391.816;563.271;16.3972
391.076;562.464;16.4136
390.342;561.652;16.4062
389.618;560.841;16.3007
388.899;560.032;16.1941
388.185;559.228;16.0677
387.477;558.43;15.9414
386.776;557.638;15.8415
386.078;556.849;15.7869
385.382;556.062;15.763
384.686;555.275;15.7659
383.995;554.483;15.7725
383.319;553.682;15.7369
382.665;552.869;15.6526
382.042;552.039;15.5352
381.452;551.194;15.3875
380.902;550.335;15.2107
380.395;549.465;15.0136
379.721;548.14;14.6871
379.15;546.802;14.3745
378.681;545.464;14.0063
378.264;544.142;13.6899
377.891;542.839;13.3696
377.542;541.563;13.0618
377.206;540.315;12.7564
376.877;539.084;12.6848
376.55;537.858;12.4848
376.232;536.671;12.1133
375.923;535.519;11.6732
375.622;534.403;11.4818
375.326;533.305;11.1891
375.044;532.228;11.158
374.802;531.147;11.0908
374.623;530.066;11.0013
374.509;528.977;10.8938
374.448;527.897;10.8535
374.395;526.825;10.569
374.352;525.778;10.4237
374.312;524.752;10.0045
374.265;523.438;9.53343
374.22;522.186;9.10995
374.177;520.98;8.84582
374.135;519.806;8.64222
374.094;518.656;8.66772
374.053;517.522;8.43524
374.013;516.398;8.3571
373.973;515.277;8.57542
373.933;514.112;8.92888
373.891;512.898;9.30005
373.848;511.635;9.68521
373.803;510.326;10.0403
373.768;509.319;10.3794
373.732;508.278;10.5471
373.696;507.219;10.877
373.658;506.128;11.012
373.619;505.02;11.3603
373.587;503.882;11.5059
373.591;502.727;11.7627
373.655;501.552;11.8718
373.77;500.364;12.1789
373.901;499.149;12.1695
374.041;497.943;12.2471
374.187;496.734;12.2456
374.336;495.51;12.422
374.49;494.255;12.7603
374.646;492.982;13.0813
374.806;491.68;13.238
374.974;490.36;13.5175
375.182;489.023;13.6245
375.453;487.683;13.8543
375.773;486.332;14.0145
376.115;484.967;14.2602
376.477;483.585;14.4168
376.85;482.187;14.6594
377.231;480.768;14.8325
377.616;479.333;15.0427
377.876;478.365;15.1685
378.139;477.389;15.293
378.403;476.405;15.4386
378.67;475.413;15.5386
378.945;474.415;15.6485
379.239;473.415;15.7591
379.544;472.41;15.8792
379.855;471.398;16.0013
380.173;470.379;16.1239
380.498;469.354;16.1687
380.827;468.322;16.3693
381.16;467.283;16.4916
381.497;466.236;16.627
381.849;465.187;16.7099
382.225;464.137;16.7913
382.632;463.095;16.8834
383.066;462.056;16.9997
383.515;461.014;17.1193
383.982;459.972;17.244
384.463;458.927;17.3697
384.956;457.878;17.4955
385.456;456.824;17.6218
385.963;455.762;17.7655
386.475;454.694;17.8747
386.99;453.619;18.0012
387.51;452.536;18.1256
388.034;451.446;18.2492
388.56;450.349;18.3407
389.089;449.247;18.3296
389.617;448.147;18.329
390.151;447.051;18.2667
390.699;445.967;18.1565
391.264;444.901;18.026
391.835;443.847;17.8788
392.41;442.808;17.7181
392.99;441.784;17.5483
393.571;440.772;17.3823
394.151;439.775;17.1875
394.727;438.789;16.9999
395.304;437.819;16.8098
395.889;436.868;16.6092
396.491;435.944;16.3996
397.109;435.048;16.1957
397.733;434.172;15.9957
398.36;433.314;15.9542
398.999;432.464;15.9235
399.647;431.621;15.8962
400.299;430.792;15.5677
400.939;429.983;15.2495
401.568;429.193;14.9237
402.489;428.042;14.4234
403.382;426.928;14.0116
404.251;425.847;13.7542
405.098;424.793;13.3346
405.932;423.755;13.0391
406.747;422.74;12.927
407.558;421.741;12.8476
408.389;420.776;12.6974
409.236;419.828;12.6397
410.09;418.883;12.9127
410.961;417.927;12.9253
411.835;416.973;12.9133
412.716;416.022;12.7526
413.607;415.114;12.6146
414.523;414.263;12.3075
415.458;413.478;12.1195
416.392;412.724;11.8134
417.313;411.999;11.619
418.228;411.288;11.5642
419.14;410.582;11.4355
420.031;409.894;10.898
420.888;409.232;10.6494
421.722;408.587;10.2783
422.531;407.962;10.2422
423.334;407.343;9.98278
424.386;406.53;9.85639
425.428;405.724;9.79046
426.466;404.922;9.75239
427.496;404.126;9.66355
428.534;403.324;9.96633
429.335;402.706;10.3767
430.16;402.069;10.555
431.002;401.418;10.9221
431.87;400.748;11.1049
432.754;400.065;11.447
433.663;399.363;11.6167
434.588;398.649;11.9496
435.537;397.916;11.9382
436.481;397.187;11.8737
437.428;396.455;12.0324
438.385;395.716;12.3576
439.366;394.958;12.5177
440.362;394.189;12.8368
441.37;393.391;12.9618
442.363;392.551;13.2366
443.366;391.684;13.3761
444.375;390.8;13.5754
445.392;389.903;13.5928
446.4;389.009;13.4509
447.403;388.12;13.3381
448.39;387.244;13.1736
449.368;386.376;13.0179
450.34;385.515;13.074
451.314;384.65;13.0365
452.289;383.785;13.2045
453.275;382.911;13.2281
454.264;382.034;13.361
455.261;381.149;13.4356
456.265;380.259;13.4914
457.281;379.358;13.6702
458.304;378.45;13.8732
459.341;377.531;13.9608
460.387;376.603;14.1676
461.448;375.662;14.2652
462.507;374.722;14.1934
463.559;373.789;14.1137
464.617;372.852;14.3542
465.69;371.9;14.4891
466.77;370.934;14.5998
467.834;369.93;14.6702
468.859;368.883;14.7067
469.87;367.824;14.7074
470.868;366.752;14.7898
471.866;365.669;14.8283
472.866;364.579;14.8352
473.86;363.493;14.7237
474.846;362.415;14.6451
475.819;361.327;14.5683
476.746;360.215;14.5522
477.614;359.067;14.4258
478.409;357.888;14.1752
479.12;356.683;13.9847
479.737;355.462;13.5721
480.296;354.245;13.2472
480.815;353.04;13.0289
481.31;351.851;12.726
481.789;350.683;12.7278
482.257;349.531;12.1865
482.71;348.422;11.9
483.154;347.342;11.4826
483.587;346.294;11.3337
484.016;345.26;11.0538
484.435;344.242;11.0322
484.822;343.224;10.6914
485.145;342.219;10.5149
485.401;341.22;10.1354
485.688;339.933;9.60869
485.953;338.708;9.13211
486.205;337.535;8.81118
486.45;336.399;8.6046
486.692;335.287;8.37958
486.929;334.196;8.25988
487.16;333.124;8.15951
487.389;332.068;8.1511
487.622;330.988;8.51888
487.807;329.855;8.80534
487.902;328.683;9.10315
487.926;327.479;9.44864
487.957;326.245;9.74567
487.985;324.979;10.0712
488.013;323.66;10.3848
488.034;322.615;10.7807
488.058;321.54;10.8844
488.082;320.445;11.258
488.09;319.322;11.3386
488.053;318.185;11.6237
487.952;317.025;11.7405
487.791;315.858;12.0448
487.601;314.672;12.0049
487.401;313.494;11.9497
487.194;312.312;12.1464
486.979;311.109;12.5073
486.758;309.872;12.6835
486.534;308.616;12.85
486.29;307.336;13.1585
485.997;306.047;13.4144
485.634;304.751;13.5335
485.203;303.466;13.7566
484.689;302.188;13.8866
484.1;300.924;14.1269
483.468;299.655;14.3224
482.805;298.378;14.4245
482.131;297.107;14.3828
481.455;295.841;14.3774
480.779;294.575;14.3461
480.101;293.31;14.4529
479.419;292.034;14.5033
478.733;290.752;14.6716
478.04;289.455;14.7709
477.341;288.148;14.97
476.628;286.828;15.0837
476.132;285.952;15.1395
475.612;285.087;15.1373
475.065;284.24;15.0974
474.492;283.417;15.0258
473.587;282.228;14.7606
472.672;281.088;14.3742
471.756;279.998;14.0285
470.849;278.945;13.7081
469.955;277.917;13.5058
469.072;276.904;13.2955
468.199;275.905;13.2533
467.33;274.909;13.2195
466.465;273.919;13.1316
465.597;272.927;13.1123
464.713;271.958;13.1381
463.784;271.022;13.2839
462.797;270.125;13.4477
461.754;269.279;13.4003
460.667;268.502;13.343
459.556;267.776;13.2072
458.439;267.076;13.2246
457.308;266.39;13.2195
456.17;265.708;13.3877
455.018;265.02;13.459
453.862;264.331;13.4612
452.708;263.642;13.4502
451.573;262.964;13.1664
450.449;262.293;13.0717
449.337;261.631;12.9664
448.215;260.983;12.8694
447.076;260.378;12.9375
445.904;259.83;12.9152
444.707;259.336;12.9819
443.491;258.854;13.1545
442.259;258.385;13.2473
441.021;257.92;13.2395
439.776;257.459;13.4845
438.498;256.988;13.7559
437.185;256.533;14.1151
435.827;256.123;14.3353
434.429;255.773;14.5039
432.991;255.494;14.8364
431.516;255.298;15.0973
430.511;255.218;15.2572
429.489;255.185;15.3268
428.456;255.198;15.5581
427.42;255.259;15.6313
426.387;255.365;15.583
425.363;255.514;15.5448
424.346;255.704;15.7418
423.32;255.927;15.9652
422.281;256.172;16.0799
421.232;256.441;16.4262
420.166;256.728;16.6435
419.089;257.026;16.8555
418.005;257.329;17.0585
416.909;257.637;17.2578
415.802;257.95;17.4599
414.681;258.266;17.6592
413.546;258.589;17.855
412.399;258.915;18.0463
411.234;259.247;18.2262
410.057;259.582;18.3151
408.884;259.915;18.313
407.713;260.249;18.3113
406.536;260.584;18.4979
405.349;260.923;18.6344
404.153;261.265;18.7128
402.954;261.609;18.7333
401.748;261.955;18.7143
400.545;262.3;18.6665
399.351;262.642;18.6023
398.162;262.985;18.5269
396.981;263.338;18.4397
395.813;263.711;18.3352
394.663;264.115;18.2199
393.533;264.554;18.0869
392.425;265.036;17.9609
391.346;265.559;17.8498
390.302;266.127;17.8065
389.288;266.738;17.686
388.31;267.388;17.4884
387.364;268.062;17.2861
386.449;268.756;17.1267
385.561;269.469;16.9798
384.694;270.197;16.8308
383.845;270.933;16.6924
383.012;271.67;16.5527
382.191;272.404;16.4156
381.379;273.134;16.2809
380.575;273.859;16.148
379.778;274.578;16.0821
378.988;275.292;15.8876
378.204;276.001;15.7637
377.426;276.704;15.7504
376.647;277.41;15.7425
375.868;278.115;15.7355
375.093;278.817;15.5491
374.327;279.511;15.4265
373.566;280.2;15.3546
372.808;280.886;15.3181
372.056;281.577;15.3216
371.316;282.281;15.3369
370.595;283.005;15.3617
369.896;283.754;15.4025
369.223;284.531;15.4521
368.577;285.334;15.5397
367.944;286.156;15.6465
367.32;286.995;15.7657
366.705;287.849;15.8927
366.092;288.716;15.9543
365.479;289.593;16.1639
364.864;290.48;16.3052
364.246;291.372;16.3003
363.63;292.265;16.2973
363.013;293.159;16.3671
362.391;294.061;16.5386
361.764;294.972;16.7073
361.131;295.889;16.8762
360.492;296.817;17.0436
359.847;297.756;17.204
359.206;298.709;17.3496
358.58;299.683;17.4747
357.975;300.681;17.6283
357.379;301.697;17.7889
356.788;302.73;17.9479
356.205;303.778;18.1076
355.626;304.839;18.2677
355.048;305.912;18.4281
354.466;306.996;18.5877
353.88;308.091;18.7462
353.291;309.196;18.9
352.698;310.31;19.0208
352.103;311.43;19.0392
351.507;312.553;19.0411
350.913;313.673;19.0408
350.32;314.791;18.9643
349.727;315.905;18.8626
349.137;317.013;18.7402
348.551;318.113;18.6021
347.97;319.204;18.452
347.394;320.287;18.3741
346.824;321.362;18.2107
346.258;322.427;17.9569
345.699;323.48;17.7811
345.144;324.524;17.6036
344.593;325.556;17.4238
344.048;326.578;17.2428
343.509;327.589;17.0584
342.976;328.59;17.0272
342.443;329.59;17.0233
341.912;330.59;17.0219
341.381;331.589;16.7173
340.86;332.569;16.4081
340.348;333.528;16.0982
339.846;334.47;15.7894
339.353;335.393;15.478
338.871;336.299;15.1756
338.398;337.187;14.871
337.708;338.485;14.4167
337.038;339.743;14.0418
336.384;340.972;13.5879
335.749;342.164;13.2408
335.13;343.318;12.802
334.534;344.435;12.4343
333.957;345.522;11.9969
333.404;346.572;11.6593
332.868;347.593;11.4464
332.349;348.576;10.9908
331.84;349.538;10.6449
331.344;350.478;10.5557
330.851;351.408;10.3123
330.369;352.32;10.3527
329.886;353.231;10.2007
329.408;354.134;10.305
328.926;355.043;10.197
328.448;355.947;10.3192
327.963;356.863;10.4919
327.461;357.798;10.9028
326.906;358.744;11.1046
326.317;359.704;11.5181
325.706;360.696;11.7305
325.08;361.703;12.1289
324.435;362.739;12.3361
323.776;363.795;12.7163
323.098;364.881;12.9087
322.41;365.973;12.9458
321.69;367.044;12.9562
320.91;368.094;13.2981
320.055;369.13;13.5373
319.157;370.16;13.8737
318.225;371.199;14.1066
317.268;372.249;14.4323
316.288;373.319;14.6525
315.292;374.405;14.9541
314.277;375.512;15.169
313.587;376.262;15.3316
312.889;377.019;15.4956
312.176;377.773;15.6349
311.441;378.516;15.716
310.68;379.242;15.8266
309.89;379.949;16.0105
309.081;380.65;16.1587
308.256;381.346;16.3027
307.416;382.037;16.3065
306.571;382.72;16.2961
305.72;383.399;16.3159
304.869;384.075;16.237
304.021;384.746;16.2078
303.178;385.411;16.1126
302.341;386.071;15.9226
301.51;386.727;15.7841
300.687;387.376;15.6337
299.871;388.02;15.4764
299.064;388.657;15.3147
298.265;389.287;15.1477
297.475;389.91;15.0752
296.306;390.832;14.8078
295.155;391.738;14.5716
294.005;392.609;14.4043
292.824;393.43;14.3564
291.621;394.183;13.9204
290.43;394.869;13.4814
289.263;395.515;13.1012
288.12;396.131;12.7204
287.006;396.723;12.4904
285.911;397.301;12.1666
284.838;397.865;12.0378
283.774;398.421;11.8819
282.721;398.972;11.9242
281.667;399.523;11.8256
280.614;400.065;11.9136
279.538;400.578;11.9754
278.427;401.056;12.3493
277.283;401.541;12.5624
276.113;402.027;12.8675
274.922;402.517;12.8907
273.729;403.007;12.955
272.535;403.496;12.7965
271.353;403.981;12.8004
270.171;404.465;12.7466
268.99;404.949;12.8645
267.803;405.436;12.7421
266.631;405.91;12.5541
265.463;406.344;12.4169
264.3;406.727;12.2463
263.139;407.103;12.2101
261.982;407.469;12.2086
260.82;407.831;12.1021
259.664;408.191;12.1722
258.503;408.552;12.1174
257.343;408.912;12.2596
256.175;409.275;12.1832
255.01;409.637;12.382
253.818;410.007;12.6089
252.599;410.386;13.0535
251.344;410.775;13.3072
250.062;411.173;13.7023
248.745;411.581;13.9517
247.402;411.997;14.326
246.025;412.424;14.5895
244.622;412.858;14.9446
243.187;413.303;15.0858
242.223;413.593;15.093
241.255;413.867;15.0917
240.276;414.116;15.2793
239.279;414.339;15.4135
238.264;414.55;15.7015
237.234;414.754;15.8051
236.193;414.948;15.9754
235.145;415.136;16.0292
234.093;415.321;16.0343
233.041;415.503;16.005
231.992;415.683;15.9519
230.946;415.863;15.8823
229.904;416.041;15.8011
228.868;416.218;15.7119
227.838;416.394;15.6171
226.814;416.568;15.6197
225.789;416.743;15.6294
224.763;416.919;15.6404
223.74;417.094;15.4464
222.729;417.266;15.2678
221.729;417.437;15.0925
220.741;417.606;14.9119
219.28;417.856;14.6833
217.842;418.102;14.4275
216.427;418.344;14.2761
215.025;418.583;14.1585
213.629;418.822;14.2261
212.226;419.062;14.2594
210.818;419.303;14.28
209.404;419.545;14.3068
208.004;419.784;14.1104
206.623;420.02;13.8354
205.266;420.253;13.7092
203.924;420.482;13.4513
202.607;420.708;13.2609
201.312;420.929;12.9123
200.05;421.145;12.705
198.815;421.357;12.2632
197.617;421.562;12.0321
196.449;421.762;11.5783
195.317;421.956;11.3937
194.204;422.146;11.1079
193.112;422.334;11.0833
192.022;422.52;10.9554
190.942;422.706;10.9453
189.856;422.893;10.9621
188.773;423.078;11.0977
187.681;423.266;11.0889
186.575;423.456;11.5319
185.43;423.652;11.7653
184.258;423.853;12.1894
183.05;424.06;12.4132
181.815;424.271;12.8055
180.546;424.488;13.0327
179.251;424.71;13.4104
177.923;424.937;13.6429
176.568;425.169;13.8724
175.202;425.402;13.8868
173.832;425.637;14.1145
172.434;425.875;14.3008
171.021;426.117;14.4548
169.599;426.36;14.4059
168.182;426.602;14.3945
166.767;426.844;14.3158
165.355;427.085;14.4091
163.933;427.328;14.4897
162.5;427.573;14.6905
161.052;427.82;14.7209
159.602;428.068;14.7476
158.151;428.316;14.744
156.696;428.565;14.8774
155.227;428.816;14.9777
154.241;428.985;15.0817
153.248;429.154;15.1523
152.252;429.325;15.1678
151.256;429.495;15.1909
150.263;429.665;15.08
149.274;429.834;14.9969
147.802;430.085;14.8736
146.344;430.335;14.7697
144.894;430.583;14.7993
143.438;430.832;14.6507
142.007;431.076;14.3546
140.605;431.314;13.9966
139.232;431.522;13.7071
137.883;431.676;13.3249
136.57;431.804;13.0148
135.288;431.917;12.5884
134.046;432.019;12.2822
132.838;432.115;11.8273
131.671;432.206;11.5307
130.537;432.295;11.2794
129.446;432.38;10.778
128.388;432.463;10.3028
127.372;432.543;10.0333
126.072;432.645;9.54649
124.835;432.742;9.11257
123.648;432.836;8.83966
122.489;432.927;8.7335
121.34;433.018;8.68584
120.196;433.107;8.69339
119.048;433.198;8.75742
117.89;433.289;8.80842
116.725;433.382;9.05109
115.512;433.48;9.56857
114.236;433.583;10.0673
113.234;433.663;10.3152
112.212;433.746;10.7841
111.155;433.831;11.0265
110.075;433.911;11.4478
108.967;433.959;11.6359
107.841;433.956;12.0268
106.69;433.937;12.2465
105.524;433.91;12.4186
104.357;433.878;12.4398
103.197;433.843;12.3181
102.057;433.808;12.0209
100.944;433.773;11.8227
99.8552;433.739;11.4867
98.7572;433.705;11.3392
97.6751;433.672;11.1037
96.6097;433.639;11.1177
95.5451;433.606;11.0165
94.4888;433.573;11.1269
93.4248;433.541;11.0523
92.3643;433.508;11.1835
91.2894;433.476;11.292
90.2055;433.442;11.6975
89.0863;433.408;11.932
87.9476;433.373;12.3181
86.7795;433.337;12.5537
85.5829;433.299;12.9226
84.3507;433.261;13.162
83.0927;433.222;13.5163
81.8089;433.182;13.7595
80.4938;433.142;13.9802
79.1708;433.1;13.9968
77.8373;433.059;14.2358
76.4804;433.017;14.5195
75.09;432.974;14.8604
73.6724;432.929;15.1324
72.2222;432.884;15.4484
70.7422;432.838;15.6379
69.7408;432.807;15.9022
68.7249;432.775;16.0795
67.6944;432.743;16.2726
66.6258;432.709;16.4586
65.56;432.676;16.6284
64.4977;432.643;16.8148
63.4156;432.609;16.9893
62.2991;432.574;17.1639
61.2098;432.54;17.3369
60.0895;432.505;17.5087
58.9409;432.469;17.5973
57.8098;432.433;17.8484
56.6552;432.397;18.0166
55.4709;432.359;18.1863
54.2735;432.322;18.3575
53.0669;432.284;18.4404
51.8798;432.246;18.6844
50.6767;432.208;18.8472
49.4749;432.171;18.9276
48.2698;432.133;19.1658
47.0302;432.087;19.3009
45.7891;432.026;19.3821
44.5059;431.934;19.3541
43.2624;431.809;19.3202
41.9881;431.64;19.2517
40.7245;431.435;19.1468
39.4719;431.203;19.0331
38.2327;430.943;18.9112
37.0078;430.659;18.7792
35.7966;430.358;18.6377
34.5984;430.044;18.4984
33.4112;429.724;18.3729
32.2323;429.4;18.3062
31.0588;429.074;18.269
29.8873;428.746;18.2674
28.7155;428.417;18.2958
27.5416;428.087;18.3386
26.3641;427.755;18.4153
25.1804;427.429;18.4885
23.9876;427.118;18.5579
22.7838;426.832;18.6578
21.5719;426.555;18.6971
20.3549;426.289;18.7122
19.134;426.034;18.718
17.9085;425.788;18.8076
16.6712;425.546;19.0444
15.423;425.305;19.2036
14.1807;425.067;19.3607
12.9117;424.826;19.5101
11.6339;424.583;19.6761
10.3495;424.34;19.8348
9.05255;424.094;19.9939
7.74852;423.848;20.0723
6.43964;423.598;20.2286
5.12428;423.335;20.403
3.81395;423.053;20.4427
2.49575;422.764;20.4837
1.18038;422.465;20.4885
-0.129151;422.158;20.4959
-1.43376;421.846;20.5043
-2.74234;421.528;20.359
-4.03041;421.212;20.22
-5.30531;420.897;20.144
-6.57151;420.582;19.9037
-7.82152;420.271;19.7383
-9.05596;419.963;19.6532
-10.2834;419.656;19.4812
-11.4941;419.354;19.22
-12.6901;419.055;19.0525
-13.8767;418.758;18.9775
-15.0556;418.464;18.8043
-16.231;418.17;18.7354
-17.4092;417.876;18.702
-18.5839;417.581;18.6997
-19.7566;417.274;18.6964
-20.9382;416.941;18.6694
-22.0984;416.584;18.4334
-23.2497;416.192;18.2188
-24.3818;415.773;18.0144
-25.5012;415.336;17.848
-26.6009;414.879;17.7083
-27.6756;414.397;17.5833
-28.7285;413.888;17.4619
-29.7562;413.348;17.3212
-30.7556;412.778;17.1462
-31.7229;412.177;16.9612
-32.655;411.545;16.7746
-33.5496;410.881;16.5677
-34.4051;410.184;16.3331
-35.2275;409.468;16.1062
-36.0159;408.743;15.8756
-36.7745;408.011;15.6379
-37.5095;407.278;15.3878
-38.2253;406.55;15.129
-38.9247;405.83;14.8632
-39.9476;404.77;14.4364
-40.944;403.732;14.0128
-41.9065;402.73;13.578
-42.8356;401.761;13.1211
-43.7335;400.824;12.7076
-44.6022;399.919;12.203
-45.4378;399.048;11.8357
-46.2467;398.206;11.2729
-47.0265;397.394;10.9736
-47.778;396.611;10.3886
-48.4902;395.87;10.1627
-49.1858;395.146;9.80444
-50.0875;394.206;9.61377
-50.9752;393.284;9.4852
-51.8551;392.364;9.37812
-52.6938;391.416;9.25664
-53.4314;390.423;9.30854
-54.1252;389.371;9.66248
-54.8433;388.285;9.97362
-55.3876;387.441;10.1543
-55.9146;386.549;10.4391
-56.3972;385.612;10.7551
-56.8366;384.618;10.8623
-57.2314;383.591;11.1854
-57.6238;382.545;11.3396
-58.0148;381.48;11.632
-58.4132;380.389;11.7613
-58.8169;379.278;12.0809
-59.2318;378.141;12.2136
-59.6485;376.998;12.1525
-60.0632;375.86;12.1286
-60.4799;374.716;12.2598
-60.9004;373.545;12.5662
-61.2928;372.347;12.6941
-61.6464;371.113;12.9681
-61.994;369.858;13.2409
-62.3369;368.58;13.3093
-62.676;367.295;13.3891
-63.0137;366.008;13.2285
-63.3466;364.737;13.1956
-63.6781;363.47;12.9869
-64.0054;362.219;12.8983
-64.3267;360.99;12.4833
-64.6394;359.795;12.2505
-64.945;358.625;11.8645
-65.2419;357.489;11.6496
-65.5326;356.377;11.2919
-65.8144;355.297;11.1083
-66.0925;354.232;10.859
-66.366;353.185;10.8784
-66.6386;352.139;10.8401
-66.9085;351.106;10.7436
-67.1923;350.087;10.3391
-67.5135;349.114;10.2053
-67.8889;348.176;9.94592
-68.4378;346.973;9.82986
-68.9867;345.784;9.74633
-69.5547;344.614;9.70774
-70.1998;343.484;9.78501
-70.9418;342.404;9.85929
-71.7403;341.374;9.80593
-72.5617;340.322;10.2445
-73.2011;339.508;10.6713
-73.8655;338.665;10.882
-74.5453;337.801;11.2978
-75.2473;336.909;11.5002
-75.9655;335.996;11.9093
-76.7039;335.057;12.0766
-77.456;334.1;12.4689
-78.2279;333.119;12.4684
-78.9962;332.141;12.4668
-79.7712;331.155;12.7195
-80.5641;330.146;13.1101
-81.3779;329.11;13.3406
-82.2087;328.052;13.7095
-83.0601;326.968;13.9315
-83.9266;325.865;14.2704
-84.8129;324.736;14.4939
-85.7139;323.589;14.7982
-86.6325;322.42;15.0159
-87.253;321.629;15.176
-87.8803;320.831;15.3408
-88.5143;320.023;15.5107
-89.155;319.207;15.663
-89.8036;318.384;15.8145
-90.4678;317.562;15.9633
-91.1425;316.734;16.1175
-91.8252;315.901;16.2704
-92.5169;315.061;16.4063
-93.2155;314.217;16.4149
-93.9147;313.374;16.4031
-94.6139;312.533;16.3889
-95.3123;311.693;16.3425
-96.0085;310.857;16.2701
-96.7011;310.024;16.183
-97.3907;309.196;16.1313
-98.0787;308.369;16.1172
-98.7665;307.543;16.1323
-99.4553;306.716;16.171
-100.146;305.886;16.2268
-100.839;305.053;16.2967
-101.535;304.217;16.378
-102.235;303.376;16.4686
-102.939;302.53;16.567
-103.647;301.68;16.6801
-104.361;300.825;16.7721
-105.088;299.974;16.8281
-105.834;299.136;16.8182
-106.603;298.322;16.7652
-107.395;297.536;16.7365
-108.213;296.782;16.5385
-109.048;296.07;16.2625
-109.892;295.398;16.0016
-110.736;294.756;15.7223
-111.581;294.143;15.4442
-112.421;293.557;15.1903
-113.255;292.99;14.9621
-114.491;292.164;14.6784
-115.708;291.359;14.4466
-116.911;290.567;14.3302
-118.101;289.783;14.2062
-119.283;289.005;14.1417
-120.464;288.228;14.0928
-121.645;287.45;14.2835
-122.848;286.666;14.4989
-124.09;285.902;14.7267
-125.363;285.157;14.8852
-126.652;284.416;15.1693
-127.956;283.679;15.2533
-129.261;282.946;15.2455
-130.568;282.215;15.1129
-131.855;281.496;15.0017
-133.153;280.77;14.9221
-134.456;280.042;14.953
-135.749;279.32;14.5454
-137.009;278.616;14.3319
-138.245;277.925;13.9927
-139.462;277.245;13.864
-140.667;276.572;13.6967
-141.861;275.905;13.6959
-143.054;275.238;13.6323
-144.235;274.578;13.7244
-145.421;273.915;13.7338
-146.604;273.254;13.7201
-147.778;272.598;13.7588
-148.972;271.931;14.103
-150.186;271.252;14.341
-151.42;270.562;14.6587
-152.679;269.859;14.8131
-153.959;269.143;14.9311
-155.225;268.436;14.8656
-156.478;267.735;14.7796
-157.716;267.043;14.5873
-158.932;266.363;14.5268
-160.14;265.688;14.4365
-161.332;265.022;14.2063
-162.487;264.376;13.7533
-163.6;263.754;13.3604
-164.674;263.154;12.9043
-165.706;262.577;12.5278
-166.7;262.021;12.0656
-167.655;261.488;11.7122
-168.576;260.973;11.2609
-169.461;260.479;10.9921
-170.605;259.84;10.6584
-171.712;259.221;10.4522
-172.801;258.613;10.3624
-173.897;258.001;10.365
-175.015;257.377;10.3791
-176.133;256.753;10.2616
-177.254;256.127;10.6123
-178.414;255.48;10.9905
-179.312;254.978;11.1824
-180.226;254.468;11.3698
-181.164;253.944;11.7346
-182.119;253.41;12.0759
-183.103;252.861;12.2709
-184.104;252.302;12.5957
-185.129;251.729;12.7939
-186.169;251.148;12.9282
-187.218;250.562;12.8098
-188.274;249.972;13.1636
-189.377;249.356;13.3558
-190.467;248.747;13.7098
-191.591;248.119;13.927
-192.734;247.48;14.0979
-193.922;246.816;14.4347
-195.136;246.138;14.7111
-196.353;245.451;14.9039
-197.551;244.739;15.1116
-198.735;243.97;15.2219
-199.931;243.108;15.4366
-200.723;242.48;15.5228
-201.493;241.831;15.5025
-202.58;240.875;15.4419
-203.637;239.9;15.395
-204.679;238.912;15.273
-205.708;237.925;15.1102
-206.711;236.956;14.9835
-207.703;235.997;14.7542
-208.683;235.048;14.6655
-209.662;234.1;14.6612
-210.64;233.153;14.6887
-211.628;232.197;14.7961
-212.611;231.246;14.9041
-213.605;230.284;15.0434
-214.611;229.31;15.1861
-215.627;228.327;15.3586
-216.652;227.335;15.5174
-217.687;226.334;15.6995
-218.735;225.32;15.8213
-219.79;224.3;15.8485
-220.841;223.282;15.9102
-221.9;222.257;16.1393
-222.973;221.218;16.3654
-223.699;220.516;16.5131
-224.429;219.81;16.6652
-225.162;219.1;16.7295
-225.904;218.382;16.9427
-226.65;217.66;17.0829
-227.405;216.93;17.2216
-228.161;216.196;17.3547
-228.92;215.445;17.4811
-229.67;214.679;17.5812
-230.41;213.888;17.675
-231.145;213.087;17.7358
-231.877;212.275;17.7118
-232.591;211.467;17.6926
-233.302;210.649;17.6422
-234.006;209.831;17.5493
-234.704;209.013;17.4361
-235.394;208.202;17.308
-236.078;207.396;17.168
-236.758;206.593;17.0194
-237.429;205.799;16.8637
-238.095;205.012;16.6998
-238.764;204.221;16.541
-239.412;203.453;16.369
-240.372;202.318;16.1125
-241.33;201.184;15.9411
-242.257;200.069;15.5973
-243.138;198.949;15.5229
-243.976;197.787;15.4386
-244.738;196.619;14.9836
-245.421;195.448;14.537
-246.037;194.278;14.1015
-246.6;193.133;13.6721
-247.122;192.012;13.2856
-247.616;190.916;12.8999
-248.086;189.849;12.5211
-248.536;188.811;12.1478
-248.968;187.803;11.7881
-249.387;186.827;11.5253
-249.79;185.881;11.0619
-250.306;184.669;10.5965
-250.801;183.51;10.1423
-251.274;182.406;9.74732
-251.732;181.338;9.44637
-252.173;180.309;9.21715
-252.603;179.305;9.08266
-253.025;178.319;9.02773
-253.445;177.335;9.02253
-253.87;176.342;9.04365
-254.286;175.37;9.03037
-254.703;174.395;9.28988
-255.135;173.385;9.68271
-255.585;172.335;9.87809
-256.042;171.234;10.2428
-256.46;170.065;10.5601
-256.813;168.846;11.0386
-257.161;167.6;11.2481
-257.502;166.342;11.2778
-257.838;165.09;11.2494
-258.171;163.844;11.0111
-258.485;162.669;10.5636
-258.783;161.552;10.1488
-259.066;160.493;9.7314
-259.334;159.491;9.31555
-259.649;158.315;8.72546
-259.941;157.224;8.3013
-260.213;156.208;7.77348
-260.518;155.07;7.47024
-260.809;153.982;7.35633
-261.093;152.924;7.34358
-261.374;151.874;7.43526
-261.667;150.78;7.67342
-261.929;149.8;7.63796
-262.195;148.804;8.01625
-262.477;147.753;8.40123
-262.775;146.64;8.964
-263.063;145.43;9.4432
-263.231;144.438;9.76159
-263.389;143.402;10.0798
-263.552;142.34;10.3055
-263.714;141.261;10.3248
-263.876;140.183;10.3266
-264.037;139.105;10.1486
-264.194;138.055;9.89868
-264.349;137.019;9.79575
-264.502;135.996;9.76712
-264.656;134.971;9.80635
-264.807;133.924;9.87937
-264.92;132.85;9.96477
-264.965;131.75;10.1132
-264.991;130.635;10.2008
-265.014;129.53;10.196
-265.035;128.397;10.5622
-265.054;127.242;10.9234
-265.065;126.053;11.2554
-265.03;124.839;11.5426
-264.927;123.607;11.8298
-264.756;122.351;12.1359
-264.561;121.084;12.3938
-264.353;119.826;12.6299
-264.137;118.553;12.802
-263.914;117.255;13.1102
-263.743;116.259;13.2965
-263.568;115.244;13.48
-263.389;114.207;13.665
-263.211;113.172;13.7901
-263.027;112.105;14.048
-262.84;111.021;14.1702
-262.651;109.924;14.1488
-262.464;108.837;14.2141
-262.272;107.723;14.441
-262.08;106.608;14.652
-261.886;105.479;14.8588
-261.69;104.343;14.9938
-261.493;103.197;15.257
-261.294;102.041;15.45
-261.092;100.871;15.6365
-260.889;99.6886;15.8205
-260.683;98.4961;16.0018
-260.474;97.2815;16.1219
-260.265;96.0679;16.3229
-260.054;94.8445;16.3012
-259.843;93.6233;16.2895
-259.63;92.4032;16.258
-259.4;91.1927;16.2469
-259.139;89.9923;16.2476
-258.837;88.8027;16.2496
-258.471;87.5282;16.2115
-258.08;86.253;16.1185
-257.667;84.9913;15.9869
-257.242;83.746;15.8266
-256.815;82.5234;15.6487
-256.39;81.3178;15.4852
-255.965;80.1214;15.3769
-255.542;78.9325;15.371
-255.117;77.7387;15.348
-254.695;76.5541;15.0382
-254.281;75.3911;14.7783
-253.872;74.2433;14.5539
-253.467;73.1181;14.3767
-253.045;72.0095;14.2308
-252.592;70.9272;14.117
-252.065;69.801;14.0421
-251.512;68.6859;14.0173
-250.938;67.5677;13.9559
-250.352;66.4568;13.8687
-249.764;65.3565;13.8338
-249.175;64.2581;13.8354
-248.583;63.1584;13.9767
-247.98;62.0368;14.2611
-247.369;60.9028;14.473
-246.753;59.7567;14.689
-246.126;58.5915;14.832
-245.486;57.4024;15.119
-244.842;56.2071;15.3302
-244.179;54.9988;15.5295
-243.473;53.7893;15.693
-242.711;52.5914;15.7905
-241.897;51.3767;15.9073
-241.064;50.1742;15.8704
-240.203;48.967;15.7508
-239.349;47.7849;15.4151
-238.502;46.6213;15.0563
-237.664;45.4928;14.6801
-236.814;44.4143;14.2764
-235.938;43.3928;13.8629
-235.02;42.4231;13.4246
-234.072;41.4937;12.9883
-233.139;40.6112;12.5506
-232.228;39.77;12.1155
-231.344;38.9625;11.6685
-230.493;38.1863;11.258
-229.671;37.4387;10.7925
-228.882;36.7198;10.4581
-228.117;36.0229;10.1608
-227.37;35.3429;9.97492
-226.392;34.4517;9.84
-225.425;33.5709;9.75615
-224.465;32.6958;9.72713
-223.506;31.8227;9.70792
-222.544;30.9461;9.97229
-221.797;30.2671;10.2978
-221.027;29.5665;10.6151
-220.234;28.8452;10.9256
-219.413;28.109;11.2123
-218.546;27.384;11.4636
-217.63;26.6793;11.7568
-216.687;25.9606;12.0478
-215.716;25.2304;12.3417
-214.721;24.4858;12.6193
-213.702;23.7252;12.8999
-212.667;22.9611;12.8223
-211.614;22.2301;12.8896
-210.515;21.5383;13.18
-209.378;20.8514;13.4694
-208.211;20.1618;13.6317
-207.025;19.4704;13.7727
-205.832;18.7791;13.7754
-204.642;18.0907;13.7045
-203.457;17.4057;13.6801
-202.272;16.7203;13.7313
-201.081;16.0313;13.745
-199.89;15.3431;13.7293
-198.698;14.6618;13.6849
-197.492;14.0163;13.68
-196.257;13.425;13.7448
-195.003;12.8544;13.8548
-193.731;12.2946;13.9891
-192.442;11.739;14.1339
-191.137;11.1808;14.3033
-189.816;10.6171;14.486
-188.477;10.0466;14.6793
-187.121;9.46836;14.8128
-185.745;8.88223;15.087
-184.815;8.49332;15.216
-183.871;8.11723;15.2345
-182.919;7.76687;15.1957
-181.958;7.44836;15.1533
-180.986;7.16414;15.2807
-179.997;6.9157;15.3984
-178.99;6.70371;15.5562
-177.969;6.51348;15.6709
-176.937;6.34016;15.7513
-175.898;6.1827;15.7789
-174.857;6.0359;15.7592
-173.817;5.89566;15.7115
-172.78;5.75941;15.6268
-171.749;5.62566;15.5324
-170.724;5.49375;15.4815
-169.706;5.36316;15.3189
-168.696;5.23371;15.1982
-167.692;5.10523;15.1484
-166.69;4.97684;15.1643
-165.688;4.84852;15.1498
-164.69;4.72059;14.9689
-163.212;4.53094;14.8532
-161.745;4.34273;14.7621
-160.281;4.15469;14.7814
-158.812;3.96613;14.829
-157.333;3.77629;14.9735
-156.342;3.64895;15.0202
-155.343;3.52781;15.1085
-154.337;3.42336;15.23
-153.323;3.34102;15.323
-152.303;3.26496;15.3683
-151.282;3.19543;15.3533
-150.262;3.13277;15.3389
-149.242;3.07449;15.1938
-148.236;3.0193;14.9585
-146.755;2.94039;14.5845
-145.312;2.86457;14.1911
-143.909;2.79129;13.7834
-142.547;2.72016;13.3661
-141.226;2.65125;12.9602
-139.944;2.58418;12.7185
-138.694;2.51883;12.4195
-137.469;2.45457;12.1393
-136.261;2.39129;12.0153
-135.063;2.32832;11.9518
-133.87;2.2659;11.922
-132.68;2.20328;11.9042
-131.489;2.14078;12.0555
-130.275;2.07703;12.3285
-129.034;2.01199;12.5992
-127.766;1.94723;12.8667
-126.473;1.90754;13.0943
-125.154;1.90637;13.3576
-123.809;1.91246;13.5339
-122.438;1.92746;13.7975
-121.043;1.94684;14.0233
-119.636;1.96781;14.1019
-118.228;1.98937;14.0336
-116.836;2.01078;13.7246
-115.476;2.03176;13.382
-114.151;2.05199;13.1401
-112.863;2.07176;12.6353
-111.614;2.0907;12.2347
-110.404;2.10914;11.8292
-109.235;2.1268;11.4181
-108.107;2.14395;11.0039
-107.021;2.1602;10.5909
-105.976;2.17602;10.1744
-104.973;2.19098;9.76224
-103.699;2.21039;9.21744
-102.497;2.22879;8.681
-101.366;2.2459;8.15534
-100.304;2.26187;7.64346
-99.0667;2.28203;7.145
-97.902;2.30211;6.74943
-96.8026;2.32156;6.36943
-95.7652;2.33973;6.01962
-94.5968;2.35996;5.5418
-93.5071;2.37941;5.25669
-92.4958;2.39723;4.87039
-91.4121;2.41945;4.33795
-90.323;2.44344;3.75479
-89.2716;2.47012;3.25701
-88.2125;2.4968;2.52937
-87.171;2.52293;1.90207
-86.1531;2.54848;1.31977
-85.1034;2.57441;1.81524
-84.0912;2.59941;2.94523
-82.9736;2.62707;3.83294
-81.8737;2.59609;4.47672
-80.7745;2.5173;4.88407
-79.6071;2.45461;5.24169
-78.4614;2.39332;6.13519
-77.3869;2.33617;6.88904
-76.2004;2.27211;7.46639
-75.1792;2.21746;7.96546
-74.0946;2.15965;8.42742
-72.9493;2.09859;8.87421
-71.7454;2.03449;9.20787
-70.4849;1.96746;9.72682
-69.1692;1.89992;10.1246
-68.1482;1.87887;10.3814
-67.1001;1.89543;10.6764
-66.0228;1.90984;10.9671
-64.9166;1.92844;11.2553
-63.7818;1.9493;11.5392
-62.6187;1.97109;11.8196
-61.4277;1.99367;12.097
-60.2091;2.01668;12.3713
-58.9632;2.04031;12.6432
-57.6901;2.0625;12.9061
-56.3917;2.05891;13.1552
-55.0676;2.03824;13.2758
-53.7406;2.01336;13.3117
-52.4101;1.98371;13.4522
-51.055;1.95184;13.7495
-49.6706;1.91859;14.0329
-48.2583;1.88461;14.3138
-46.8192;1.85668;14.5635
-45.3563;1.86664;14.7013
-43.8699;1.90871;15.0351
-42.8653;1.94391;15.1997
-41.8501;1.98555;15.362
-40.8243;2.03141;15.5221
-39.788;2.0798;15.68
-38.7412;2.1298;15.8359
-37.6842;2.18082;15.9135
-36.6169;2.23262;16.1409
-35.5395;2.27824;16.2791
-34.4522;2.3118;16.4292
-33.355;2.34457;16.578
-32.2477;2.37406;16.7257
-31.1306;2.40066;16.8723
-30.0036;2.42555;17.018
-28.8669;2.44949;17.1628
-27.7206;2.47301;17.3068
-26.5647;2.49641;17.4499
-25.3992;2.51988;17.5923
-24.2243;2.54344;17.734
-23.0399;2.56719;17.8751
-21.8462;2.59113;18.0156
-20.643;2.61531;18.1556
-19.4306;2.63969;18.2949
-18.2089;2.66426;18.4425
-16.9779;2.68906;18.5722
-15.7377;2.71406;18.7102
-14.4884;2.7393;18.8477
-13.2298;2.76473;18.9847
-11.9622;2.79035;19.1214
-10.6854;2.81617;19.2577
-9.39957;2.84227;19.3936
-8.10469;2.86852;19.5291
-6.80077;2.89496;19.5967
-5.48785;2.92164;19.7953
-4.16666;2.94848;19.9032
-2.83994;2.97547;19.8967
