1.71731;7.8125e-05;3.20224
3.20568;0.000195312;4.31332
4.3898;0.000507812;4.60506
6.08602;0.0009375;5.87257
7.30741;0.00140625;6.66128
8.45114;0.00179687;7.13463
9.95613;0.00246094;7.927
11.6057;0.00316406;8.5398
13.0768;0.00394531;9.23707
14.9661;0.00484375;9.8746
16.9781;0.00527344;10.4698
19.1068;0.00429688;11.0506
20.9742;0.00253906;11.4198
22.1278;0.00109375;11.8006
24.1199;-0.00210937;12.1674
25.3477;-0.00441406;12.529
26.6077;-0.00703125;12.7156
27.89;-0.00988281;13.0637
29.2036;-0.0130078;13.255
31.4225;-0.0183984;13.3932
32.76;-0.0216797;13.4649
34.1182;-0.0250391;13.8269
35.5093;-0.0285156;14.0476
36.9247;-0.0319531;14.3783
38.3703;-0.0352734;14.5908
39.8391;-0.0382422;14.7644
42.3468;-0.0405469;15.2664
43.8821;-0.0339453;15.5359
44.9192;-0.0225391;15.6794
46.4882;0.00898437;15.6949
48.052;0.0614453;15.5263
49.5952;0.137109;15.2444
51.0979;0.236211;14.7164
52.5433;0.35707;14.1098
55.2385;0.649883;12.7792
56.4822;0.811836;12.0825
57.6546;0.978125;11.3693
58.755;1.14387;10.6627
59.7849;1.3027;9.91802
61.6707;1.58957;8.73533
63.0059;1.77801;7.51869
64.4651;1.9566;6.95898
65.6096;2.07684;6.76745
66.9359;2.19301;6.53489
68.2171;2.27789;6.3701
69.2816;2.33648;6.49883
70.5667;2.39063;6.7663
71.7248;2.43121;7.29301
72.9874;2.47086;7.98179
74.6411;2.52059;8.67161
76.125;2.5666;9.23981
77.3795;2.60984;9.68299
79.3684;2.68895;10.319
80.4093;2.73645;10.6245
81.4804;2.79008;10.924
82.5809;2.85063;11.2072
84.4433;2.96305;10.6953
85.4652;3.02813;9.47331
87.147;3.14312;7.02329
88.201;3.2209;5.94569
89.599;3.32609;6.04252
91.1627;3.42707;5.8803
92.7199;3.46445;5.93989
93.9753;3.45535;6.80245
95.143;3.42352;7.48021
96.6833;3.35719;8.1801
98.0782;3.2775;8.67782
99.2596;3.20016;9.11381
100.814;3.08871;9.72123
102.675;2.94953;8.68951
103.981;2.85148;6.66075
105.1;2.77348;6.72375
106.437;2.68902;6.40767
107.511;2.62586;6.49931
108.805;2.55961;6.37788
110.094;2.50977;6.70262
111.485;2.46543;7.3674
113.029;2.42398;8.19032
114.43;2.39023;8.74568
116.237;2.34883;9.43648
117.845;2.31246;9.97436
118.852;2.28902;10.2768
119.888;2.26398;10.3404
120.92;2.23793;10.2888
122.794;2.1875;7.99976
124.208;2.14652;6.44769
125.285;2.11059;6.24645
126.333;2.07445;6.01125
127.543;2.02809;6.11781
128.758;1.98102;6.03671
129.793;1.93672;6.51764
131.17;1.87781;7.34491
132.702;1.81187;8.09011
134.089;1.75246;8.67131
135.88;1.67727;9.36028
137.474;1.61129;9.88746
139.155;1.54324;10.4034
140.205;1.50156;10.7045
141.284;1.45949;11.0004
142.393;1.41672;11.2913
144.689;1.33129;11.366
145.815;1.29047;10.7194
146.841;1.25437;9.49026
148.282;1.20664;7.44785
149.663;1.16285;6.47031
150.756;1.12871;6.41547
152.019;1.09324;6.26808
153.056;1.05992;6.0902
154.292;1.02102;6.26837
155.548;0.982734;6.63458
156.697;0.944727;7.2021
158.216;0.893867;7.955
159.883;0.836562;8.67408
161.374;0.791094;9.3745
163.29;0.766211;10.0193
164.988;0.77418;10.4166
166.042;0.792852;10.8354
167.132;0.822578;11.0233
168.246;0.862852;11.4097
169.39;0.913633;11.1735
170.497;0.970156;10.5163
171.503;1.02762;9.28852
172.908;1.11855;7.24746
174.078;1.20082;6.81995
175.461;1.2991;6.88998
176.597;1.37574;6.84015
177.964;1.46523;6.81701
179.335;1.54789;7.18998
180.576;1.61668;7.71763
181.912;1.6818;8.48103
183.652;1.75512;9.18628
185.53;1.82168;9.84059
187.889;1.89176;10.4603
188.947;1.91914;10.8829
190.043;1.94566;11.0738
191.546;1.97988;11.4707
192.705;2.00449;11.8605
194.298;2.03707;12.0514
195.529;2.0618;12.4301
196.783;2.08703;12.7924
198.069;2.11352;12.9877
200.232;2.16031;12.9774
201.538;2.19062;13.2091
202.867;2.22355;13.4002
204.196;2.25906;12.9855
205.465;2.29535;12.1867
206.652;2.33176;11.3078
207.75;2.36781;10.3897
208.756;2.40293;9.45021
210.494;2.46762;7.74017
211.799;2.51879;7.89624
213.347;2.5809;7.70136
214.617;2.63109;7.48228
216.149;2.68805;7.7995
217.756;2.74328;8.23612
219.173;2.78945;8.63105
220.325;2.82531;8.6212
222.026;2.87539;8.47083
223.409;2.91484;7.93612
224.806;2.95176;6.29413
225.837;2.97625;5.85575
227.007;3.00477;5.64016
228.476;3.04105;5.23065
229.555;3.06707;5.31212
230.642;3.0934;5.44638
232.27;3.13223;6.82552
233.441;3.16105;7.25055
234.975;3.20055;8.17486
236.368;3.23793;8.6354
238.16;3.28766;9.26104
240.079;3.34277;9.90586
241.081;3.37258;10.3271
242.121;3.40414;10.5081
243.909;3.46;11.071
245.008;3.49449;10.6542
246.066;3.5277;10.037
247.598;3.57523;7.99355
248.989;3.61711;5.55254
250.405;3.65723;5.01987
251.417;3.68805;5.04109
252.491;3.71828;5.55993
253.659;3.74832;6.13633
254.927;3.77836;6.93587
256.025;3.80246;6.70398
257.377;3.82883;6.99461
258.482;3.8418;6.15566
259.562;3.85484;5.17746
260.579;3.87027;5.3722
261.634;3.88871;5.40518
263.048;3.91363;5.26793
264.093;3.93313;5.0591
265.47;3.95848;5.70826
266.613;3.98187;6.29881
267.635;4.00406;6.2705
269.117;4.03773;6.78611
270.541;4.07172;7.70511
271.846;4.10359;8.29754
273.552;4.14605;8.9658
275.384;4.1916;9.63604
277.01;4.2323;10.1592
278.02;4.25762;10.4623
279.054;4.28297;10.747
280.121;4.30879;10.6451
282.08;4.35562;8.65744
283.572;4.38996;6.26899
284.949;4.41664;4.97463
286.469;4.43965;5.51598
287.976;4.4584;6.14464
289.01;4.47074;6.5023
290.549;4.48859;6.87276
291.671;4.50242;6.7893
292.972;4.51789;6.50508
294.01;4.5309;6.31971
295.238;4.55059;6.21643
296.264;4.56422;6.15179
297.543;4.58535;7.04516
298.982;4.61035;7.77113
300.563;4.64;8.46639
302.277;4.67383;9.16223
304.12;4.71164;9.77259
305.701;4.74523;9.27544
307.314;4.78191;6.88227
308.511;4.80977;5.94026
310.004;4.84387;5.61107
311.263;4.86973;5.57117
312.329;4.89133;5.59303
313.79;4.91203;6.19418
315.053;4.91121;6.90522
316.453;4.89484;7.65978
317.723;4.86887;8.31751
319.358;4.82301;8.97419
321.421;4.7498;9.56773
323.297;4.67293;10.1692
325.252;4.58785;10.4434
326.848;4.51789;9.43959
328.426;4.45184;7.15212
329.596;4.4077;5.41039
330.614;4.37414;5.01275
332.082;4.3368;5.1721
333.135;4.31324;5.61421
334.642;4.28281;5.63304
336.083;4.25754;4.85204
337.516;4.23449;5.19352
338.93;4.21035;5.75108
340.293;4.18594;6.30875
341.543;4.16187;7.005
342.638;4.13953;6.81338
343.997;4.11094;7.56134
345.492;4.07664;8.27938
346.85;4.04277;8.84954
348.575;3.99676;9.24911
350.297;3.94898;8.25465
351.688;3.91145;6.39083
352.888;3.87816;6.02072
354.036;3.8477;5.87199
355.495;3.8084;5.76113
356.586;3.7766;5.93593
357.696;3.74367;5.84288
359.319;3.69473;7.04551
360.708;3.65414;7.70587
362.515;3.60172;8.5326
364.49;3.54477;9.29612
366.327;3.49211;9.93546
368.596;3.42754;10.6224
371.02;3.35812;11.287
373.582;3.28426;11.9249
376.307;3.20441;12.5483
378.298;3.14551;12.977
380.35;3.0843;13.2221
382.007;3.035;13.069
384.077;2.97496;12.8534
386.062;2.91926;12.0767
387.92;2.86957;11.0248
389.573;2.83016;9.63746
390.727;2.80789;8.2727
391.911;2.78836;6.33948
393.408;2.76602;3.12017
394.795;2.78848;3.54983
395.884;2.83867;4.02057
397.187;2.91992;4.31156
398.636;3.03145;4.94535
400.316;3.17957;5.72492
402.285;3.36477;6.60659
403.739;3.50406;7.00491
404.877;3.60863;7.4667
406.624;3.76027;8.41689
408.254;3.89762;9.06984
410.01;4.07195;9.58382
411.4;4.2266;7.66121
412.672;4.38543;5.90593
414.148;4.58949;5.72769
415.201;4.74195;5.52349
416.235;4.89574;5.54826
417.286;5.05328;5.47104
418.787;5.27848;6.50606
420.082;5.47211;7.3356
421.272;5.64988;7.83154
422.821;5.87719;8.55315
424.499;6.11863;9.19782
425.99;6.33043;9.72468
427.894;6.59426;10.3311
429.884;6.86348;10.9162
430.924;7.00273;11.2016
431.991;7.14422;11.4862
433.09;7.28953;11.7632
434.203;7.43406;12.037
435.353;7.58281;12.2982
436.512;7.73812;12.2187
437.641;7.90711;11.7883
439.378;8.23816;10.3401
441.152;8.72488;8.33513
442.298;9.16012;6.36926
443.265;9.62316;4.13087
444.214;10.1505;4.12216
445.076;10.6702;4.55037
446.149;11.3679;5.17022
447.32;12.2123;5.97925
448.124;12.8173;6.38627
448.988;13.4759;6.69414
449.863;14.1396;6.87124
450.809;14.8417;7.52801
452.071;15.7503;8.29304
453.232;16.5582;8.73416
454.48;17.397;9.44748
455.827;18.2688;9.87119
457.529;19.3697;10.2589
458.385;19.93;10.1845
459.757;20.8424;9.21888
461;21.6812;8.65897
462.181;22.4944;8.55344
463.338;23.3008;8.31541
464.249;23.9397;8.2756
465.38;24.7407;8.4345
466.501;25.5677;8.29479
467.405;26.2726;8.78118
468.575;27.2364;9.49904
469.794;28.2949;9.92708
471.039;29.4404;10.4373
472.016;30.412;10.0085
473.068;31.5855;8.55911
473.859;32.6014;6.52593
474.552;33.6365;4.14252
475.193;34.7163;4.31493
475.71;35.633;4.7522
476.279;36.6436;5.09549
476.906;37.7628;6.00722
477.403;38.6414;6.39292
477.936;39.5775;6.49915
478.494;40.5246;6.93997
479.112;41.5495;7.64932
479.802;42.6566;8.12589
480.549;43.8375;8.80953
481.343;45.1075;9.18232
481.998;46.1792;9.60594
482.843;47.5872;10.2393
483.365;48.476;10.4156
484.063;49.7067;10.7578
484.569;50.6541;10.7651
485.037;51.5783;9.56009
485.54;52.6571;7.91512
485.992;53.7465;5.85389
486.43;54.9731;5.55542
486.812;56.1648;5.05497
487.087;57.1699;5.22723
487.377;58.449;5.85964
487.603;59.5927;6.11108
487.784;60.6375;6.79505
487.956;61.7874;7.42163
488.089;63.0488;7.84257
488.165;64.4017;8.55517
488.188;66.1003;7.68514
488.165;67.2387;5.62811
488.112;68.4997;4.50789
488.059;69.5851;4.84758
488.012;70.5882;5.08355
487.952;72.059;5.73997
487.921;73.0686;6.47524
487.87;74.3726;6.39845
487.817;75.4697;6.83922
487.757;76.6588;7.59323
487.691;77.9543;8.08198
487.622;79.3405;8.7583
487.539;81.127;9.377
487.471;82.7166;9.7802
487.393;84.7316;10.3682
487.332;86.497;10.9649
487.291;87.5994;11.1358
487.241;88.7232;11.5188
487.13;90.664;11.8739
487.041;91.8587;12.234
486.853;93.9131;12.5895
486.61;96.0306;13.1041
486.44;97.3311;13.1024
486.126;99.4734;12.9775
485.923;100.737;12.4326
485.721;101.938;11.7083
485.527;103.063;10.8736
485.351;104.104;9.97831
485.122;105.646;8.4569
484.976;106.908;6.40875
484.893;107.984;4.12287
484.85;109.166;3.62877
484.849;110.202;4.21182
484.905;111.398;4.84813
485.013;112.72;5.02909
485.151;114.064;5.17638
485.294;115.328;5.86441
485.439;116.521;6.29584
485.572;117.591;6.83041
485.739;118.946;6.92785
485.883;120.099;7.38605
486.058;121.348;7.93728
486.271;122.692;8.52575
486.525;124.13;9.09472
486.816;125.656;9.66071
487.144;127.268;10.1932
487.356;128.275;10.5037
487.734;130.019;11.011
488.14;131.843;11.5029
488.562;133.747;11.9798
489.013;135.724;12.4399
489.512;137.755;12.5786
490.02;139.657;10.6456
490.478;141.226;8.59108
490.883;142.458;6.55102
491.33;143.683;4.96525
491.777;144.823;5.5052
492.274;146.063;6.15366
492.823;147.425;6.52427
493.411;148.909;7.06713
493.833;149.994;7.13017
494.448;151.643;8.03765
494.819;152.674;8.50537
495.297;154.047;9.05959
495.801;155.508;9.58944
496.327;157.054;10.1077
496.877;158.681;10.6038
497.22;159.694;10.8935
497.816;161.445;11.362
498.458;163.26;11.8103
499.161;165.128;12.2412
499.786;166.653;12.5773
500.659;168.586;12.939
501.426;170.123;12.5495
502.379;171.885;10.9747
503.077;173.085;9.49171
503.834;174.309;7.91222
504.551;175.389;7.56522
505.258;176.418;7.43773
506.093;177.603;7.22379
506.914;178.777;7.14435
507.583;179.758;7.27299
508.417;181.018;7.99226
509.155;182.167;8.45849
509.766;183.146;8.87849
510.558;184.44;9.50538
511.213;185.537;9.89522
512.064;186.977;10.2456
512.776;188.175;10.6205
513.713;189.719;11.1766
514.515;190.986;11.5197
515.576;192.594;11.2313
516.374;193.752;9.56234
517.069;194.715;7.88707
517.786;195.642;5.80009
518.721;196.759;4.64494
519.46;197.602;5.00691
520.276;198.487;5.56352
521.198;199.447;5.86797
522.213;200.497;6.36679
523.107;201.431;6.79666
523.907;202.274;7.40946
524.764;203.201;7.8695
525.487;203.995;8.30698
526.436;205.049;8.91648
527.449;206.162;9.09603
528.432;207.228;7.62165
529.451;208.303;4.7099
530.165;209.032;4.37132
530.918;209.774;4.7286
531.996;210.812;5.06786
532.92;211.701;5.91646
533.658;212.403;6.20672
534.725;213.419;6.23434
535.692;214.343;7.07432
536.575;215.192;7.76437
537.717;216.314;8.4554
538.94;217.536;9.08111
539.795;218.408;9.48162
540.921;219.552;9.84419
542.114;220.732;10.4451
542.873;221.457;10.6029
544.206;222.669;11.0839
545.299;223.601;10.0005
546.489;224.552;7.93648
547.445;225.246;5.88111
548.489;225.932;5.28436
549.517;226.564;5.30278
550.614;227.215;5.78022
551.477;227.721;6.35755
552.395;228.259;6.36109
553.316;228.805;6.56952
554.306;229.402;7.30968
555.382;230.065;7.94352
556.539;230.787;8.5535
557.523;231.404;9.00345
558.825;232.218;9.54805
560.201;233.083;10.0745
561.06;233.629;10.3863
562.542;234.581;10.8597
563.453;235.168;10.7799
564.858;236.078;8.89402
565.783;236.676;7.27488
566.73;237.287;6.67458
567.651;237.876;6.53806
568.558;238.448;6.3853
569.808;239.229;6.4647
570.714;239.791;6.49027
571.655;240.378;7.05127
572.691;241.021;7.70272
573.818;241.719;8.36089
575.042;242.464;8.96975
576.089;243.086;9.43501
577.483;243.888;9.9924
578.365;244.379;10.3256
579.596;245.038;10.7582
580.564;245.531;11.0724
582.26;246.333;11.5184
583.312;246.791;11.3768
584.958;247.451;9.51695
586.323;247.938;7.5313
587.393;248.271;5.55108
588.712;248.578;5.24403
589.934;248.797;5.48132
591.069;248.968;6.16949
592.082;249.104;6.57967
593.372;249.268;7.19849
594.481;249.409;7.29613
595.829;249.59;7.80072
597.03;249.766;8.43103
598.56;250.016;9.08985
600.158;250.314;9.09581
601.494;250.598;7.83933
602.776;250.904;5.57924
604.072;251.251;4.31273
605.178;251.57;4.69466
606.399;251.931;5.15459
607.767;252.346;6.07195
608.727;252.633;6.59687
609.984;252.972;6.83823
611.064;253.237;7.05581
612.44;253.544;7.82792
613.705;253.799;8.51239
615.362;254.099;9.24222
616.841;254.341;9.73355
618.632;254.612;8.80171
619.899;254.794;7.04895
621.122;254.964;6.09821
622.279;255.118;6.10444
623.739;255.305;5.92418
624.832;255.447;5.97238
626.337;255.653;6.17008
627.329;255.794;6.85343
628.662;255.989;7.68268
630.131;256.212;8.4308
631.461;256.423;9.04093
633.477;256.757;9.85614
635.014;257.023;10.4092
636.637;257.308;10.9433
637.65;257.479;11.2251
638.676;257.644;11.0384
639.68;257.796;10.7736
641.54;258.039;9.28511
642.848;258.172;7.47845
644.072;258.262;6.09436
645.367;258.324;5.84409
646.794;258.376;5.80673
647.871;258.405;5.99687
648.987;258.432;6.14346
650.602;258.475;7.13608
651.978;258.52;7.92667
653.226;258.569;8.6671
654.853;258.648;9.36761
656.607;258.751;10.0246
658.141;258.859;10.0656
659.987;259.009;9.90902
661.825;259.18;9.93314
663.357;259.337;10.1047
665.219;259.54;10.3101
666.82;259.721;10.515
668.789;259.947;10.72
670.811;260.178;11.1068
671.836;260.293;10.9579
673.458;260.472;9.94611
675.178;260.649;8.45681
676.393;260.766;6.8714
677.494;260.864;4.70328
678.712;260.96;4.34217
679.819;261.041;4.77954
681.21;261.139;5.46684
682.248;261.223;6.05274
683.796;261.397;6.72816
684.841;261.546;7.16823
686.142;261.762;7.52984
687.315;261.984;8.03133
688.843;262.303;8.84121
690.785;262.751;9.78405
692.585;263.2;10.4709
694.835;263.794;11.1547
695.844;264.067;11.5627
696.892;264.351;11.6672
697.917;264.63;11.3896
699.222;264.977;10.1431
700.871;265.396;7.98865
702.337;265.738;6.31444
703.845;266.047;6.20855
704.96;266.256;6.23831
706.093;266.454;6.36983
707.659;266.708;6.67177
708.936;266.906;7.52034
710.114;267.09;8.21649
711.132;267.25;8.72782
712.769;267.513;9.46137
714.532;267.807;10.1627
716.409;268.14;10.8333
718.059;268.449;11.3687
719.084;268.651;11.6558
720.125;268.867;11.6298
721.144;269.101;11.1251
722.669;269.498;9.35071
724.136;269.967;7.22659
725.079;270.33;5.40039
726.284;270.863;5.11289
727.387;271.398;5.61917
728.781;272.112;5.94141
729.862;272.673;6.23803
731.558;273.56;6.92172
733.312;274.458;8.13712
734.295;274.952;8.68213
735.62;275.604;9.32642
736.75;276.165;9.83911
737.928;276.762;9.95122
739.362;277.513;8.85867
740.54;278.153;6.91528
741.841;278.893;4.91823
743.351;279.76;5.80464
744.9;280.717;6.50925
746.417;281.78;7.18569
748.178;283.177;8.06963
749.012;283.892;8.6363
749.885;284.674;9.17378
750.8;285.521;9.70133
751.756;286.407;10.2133
752.766;287.346;10.7205
754.101;288.589;11.3364
754.934;289.38;11.6864
755.775;290.202;11.9658
757.167;291.607;11.4159
757.924;292.388;10.2623
758.994;293.522;8.34524
759.839;294.443;6.44343
760.68;295.421;4.96538
761.318;296.261;5.27012
762.025;297.293;5.23776
762.59;298.181;5.31711
763.231;299.263;5.70858
764.023;300.687;6.85977
764.58;301.73;7.59582
765.167;302.892;8.27262
765.775;304.18;8.92331
766.504;305.884;9.65571
767.11;307.419;10.2618
767.714;309.057;10.8287
768.324;310.786;11.3787
768.949;312.597;11.9184
769.339;313.736;12.2326
770.01;315.704;12.7437
770.691;317.75;13.2332
771.359;319.884;13.5785
771.739;321.188;13.6391
772.332;323.401;14.0232
772.883;325.7;14.4695
773.19;327.107;14.5099
773.653;329.427;13.7853
774.034;331.615;12.8145
774.214;332.847;12.1712
774.422;334.773;11.3718
774.505;336.623;11.0175
774.497;337.699;10.8087
774.357;339.809;10.6328
774.145;341.526;10.6127
773.986;342.555;10.6227
773.807;343.58;10.6114
773.458;345.256;9.9721
773.076;346.699;8.03484
772.676;347.904;7.31471
772.237;349.027;7.26011
771.768;350.121;6.945
771.289;351.177;6.99073
770.794;352.233;7.06044
770.292;353.294;7.06956
769.785;354.385;7.57805
769.246;355.581;8.24623
768.686;356.888;8.92575
768.11;358.303;9.53326
767.514;359.81;9.935
766.923;361.318;9.1566
766.332;362.827;6.78809
765.939;363.829;6.18981
765.471;364.987;6.19784
765.073;365.922;5.86877
764.487;367.17;5.97766
763.754;368.605;6.22602
763.237;369.574;6.92048
762.519;370.859;7.81171
761.847;372.026;8.55568
761.109;373.288;9.04386
760.318;374.626;9.76136
759.472;376.05;10.2038
758.942;376.938;10.6483
758.005;378.479;11.0691
756.979;380.058;11.6617
755.833;381.661;12.0622
755.077;382.616;12.4139
753.679;384.177;12.8015
752.442;385.376;12.9814
751.464;386.226;12.9771
750.08;387.289;13.2931
748.607;388.247;12.9972
747.485;388.867;12.4486
746.009;389.543;11.6496
744.248;390.143;10.4325
742.655;390.491;8.88074
741.306;390.64;7.00973
739.95;390.657;4.30255
738.919;390.602;3.16759
737.73;390.51;4.02028
736.609;390.415;4.27774
735.584;390.325;4.61958
734.464;390.246;5.09687
733.217;390.196;5.59192
731.609;390.193;6.35606
730.05;390.264;6.74837
728.434;390.41;7.34227
727.427;390.539;7.8957
726.076;390.748;8.64014
724.927;390.957;9.11354
723.412;391.268;9.54434
721.817;391.63;10.2373
720.131;392.046;10.6647
718.727;392.408;11.0885
717.27;392.788;11.5058
716.143;393.081;11.9019
714.195;393.583;12.3016
712.581;393.989;12.6906
711.337;394.293;13.054
709.203;394.789;13.1091
707.487;395.16;13.3157
705.271;395.607;13.8915
703.434;395.95;14.2646
702.022;396.198;14.4436
700.115;396.511;14.3708
698.25;396.794;13.7315
696.912;396.987;13.185
694.801;397.277;12.0718
693.248;397.487;11.0675
691.853;397.681;9.77592
690.626;397.858;8.54045
689.524;398.024;8.27018
688.178;398.237;7.98428
687.115;398.413;7.98958
685.776;398.647;8.25914
684.429;398.903;8.10118
683.376;399.135;7.97172
682.098;399.483;7.99993
681.097;399.815;7.99653
679.862;400.301;7.88839
678.886;400.742;7.97394
677.685;401.346;8.16072
676.509;401.999;7.5845
675.362;402.689;6.09461
674.51;403.247;5.8453
673.388;404.02;5.76347
672.303;404.793;5.69322
671.205;405.576;6.22073
670.319;406.199;6.78664
668.925;407.157;7.82609
668.042;407.75;8.28217
666.876;408.553;8.69199
665.665;409.423;9.34783
664.656;410.174;9.75111
663.349;411.184;10.1238
662.021;412.284;10.4981
660.966;413.23;10.4525
659.999;414.16;9.07649
659.038;415.159;7.17534
658.242;416.092;4.70693
657.561;417.018;5.029
656.892;418.024;5.239
656.213;419.136;5.9486
655.561;420.374;5.89286
655.005;421.588;5.51662
654.513;422.75;5.02892
653.994;424.048;5.73139
653.442;425.461;5.89476
653.068;426.415;6.61164
652.65;427.471;7.04911
651.981;429.082;7.87778
651.454;430.31;8.11597
651.044;431.296;7.56887
650.628;432.335;5.53186
650.204;433.444;3.90479
649.785;434.588;4.3051
649.379;435.728;4.84898
648.986;436.849;5.16133
648.577;438.097;6.09677
648.212;439.297;6.48712
647.859;440.54;6.71808
647.551;441.665;7.37157
647.219;442.896;8.05007
646.865;444.231;8.66448
646.58;445.372;9.12209
646.242;446.891;9.66787
645.938;448.51;10.2158
645.772;449.529;10.5362
645.621;450.582;10.8519
645.397;452.409;11.3264
645.206;454.27;10.6005
645.116;455.282;9.39228
645.009;456.703;7.3907
644.924;457.88;6.96108
644.838;459.018;6.8355
644.762;460.107;6.91682
644.692;461.408;6.967
644.642;462.696;7.2007
644.608;464.056;7.91379
644.586;465.518;8.62669
644.577;466.806;9.16309
644.574;467.877;9.54246
644.575;469.522;9.76962
644.58;471.089;8.48224
644.601;472.378;6.88598
644.642;473.596;6.76571
644.7;474.786;6.63583
644.771;475.972;6.59276
644.85;477.178;6.67645
644.936;478.409;6.72347
645.012;479.457;7.43343
645.113;480.848;8.18191
645.225;482.371;8.89252
645.341;484.018;9.56544
645.459;485.777;10.2051
645.575;487.648;10.7717
645.684;489.548;9.91418
645.759;490.94;8.20119
645.832;492.349;7.45074
645.886;493.483;7.50832
645.949;494.839;7.54825
646.01;496.206;7.65465
646.07;497.603;7.74798
646.121;498.821;8.21676
646.187;500.402;8.97696
646.248;501.824;9.66629
646.327;503.656;10.3317
646.413;505.629;10.9747
646.49;507.372;10.8524
646.562;508.964;8.97643
646.623;510.267;7.09117
646.685;511.579;6.79364
646.746;512.867;6.6004
646.797;513.921;6.61274
646.847;514.974;6.73779
646.882;516.049;6.7731
646.878;517.395;7.46824
646.841;518.63;8.13047
646.758;520.222;8.69691
646.658;521.607;8.83317
646.522;523.155;7.07306
646.401;524.166;6.15766
646.215;525.284;5.93696
645.923;526.685;5.57744
645.688;527.677;5.57766
645.345;529.007;5.8698
644.893;530.59;6.40944
644.579;531.571;7.05183
644.129;532.868;7.8488
643.694;534.036;8.44118
643.102;535.568;9.13092
642.534;537.008;9.72094
641.934;538.528;10.275
641.308;540.124;10.4924
640.936;541.08;10.404
640.278;542.802;8.03351
639.883;543.879;6.99305
639.454;545.071;6.9164
639.035;546.251;6.9799
638.617;547.439;7.01173
638.203;548.63;7.11571
637.858;549.628;7.59783
637.409;550.922;8.25509
636.818;552.573;8.90014
636.258;554.051;9.48861
635.613;555.587;10.038
634.904;557.048;10.6048
634.413;557.943;10.7564
633.495;559.422;11.2984
632.875;560.308;11.4608
631.753;561.76;11.5707
631.052;562.582;10.9212
630.376;563.328;9.82497
629.174;564.526;7.49927
628.345;565.214;6.10885
627.412;565.895;5.62672
626.178;566.68;5.29438
625.078;567.278;5.29166
623.766;567.857;5.63546
622.222;568.419;6.81905
620.881;568.859;7.5259
619.652;569.252;7.86642
618.21;569.707;6.69448
616.797;570.178;4.72247
615.719;570.571;5.01069
614.449;571.074;5.42343
613.423;571.515;5.78066
612.51;571.925;6.08545
611.547;572.379;6.56409
610.547;572.871;6.78358
609.343;573.489;7.14809
608.261;574.07;7.70746
606.863;574.838;8.33446
605.365;575.683;8.89527
604.068;576.433;9.53567
602.429;577.389;10.106
601;578.225;10.4472
600.113;578.741;10.8105
599.211;579.26;10.9683
597.66;580.14;11.4785
596.691;580.676;11.6351
595.698;581.217;11.9659
593.986;582.129;12.2698
592.915;582.665;12.514
590.718;583.655;11.5135
589.689;584.052;10.6161
588.714;584.379;9.68451
587.045;584.807;7.31785
585.894;584.984;6.57744
584.802;585.083;6.25646
583.563;585.149;6.01379
581.99;585.191;5.78605
580.83;585.216;6.07191
579.793;585.252;6.67648
578.413;585.331;7.30238
577.164;585.438;7.90684
576.104;585.558;8.32807
574.415;585.796;8.95176
573.228;585.985;9.33002
571.035;586.369;9.84218
569.389;586.674;10.3957
567.672;587.006;10.7102
566.25;587.29;11.0499
564.413;587.658;11.5605
562.505;588.035;11.6322
560.985;588.326;11.2147
559.249;588.646;9.68837
558.07;588.85;7.99695
556.899;589.036;5.89761
555.333;589.241;5.00553
553.743;589.409;5.44051
552.085;589.564;5.36482
550.259;589.732;5.98914
548.786;589.876;6.88054
547.382;590.026;7.57918
545.84;590.203;8.15312
544.466;590.373;8.61275
542.715;590.605;9.17237
541.172;590.825;9.63653
539.229;591.121;10.1594
538.225;591.281;10.4166
536.137;591.626;10.9141
535.053;591.807;11.16
533.949;591.99;11.4018
532.816;592.168;11.6352
531.658;592.33;11.8681
529.67;592.559;12.2489
528.45;592.664;12.473
527.199;592.742;12.6998
525.924;592.794;12.9193
524.626;592.817;13.1373
522.421;592.792;13.4205
521.085;592.741;13.3648
519.761;592.668;12.9943
518.487;592.579;12.3992
517.281;592.481;11.4915
516.173;592.383;10.4639
515.168;592.29;9.41713
513.723;592.167;7.68357
512.496;592.084;6.89457
511.129;592.026;6.53258
509.854;592.001;6.16179
508.848;592.001;5.95978
507.473;592.028;5.93419
506.289;592.07;6.38676
505.195;592.119;6.85687
503.763;592.195;7.65911
502.197;592.285;8.30297
500.793;592.369;8.63542
499.01;592.472;9.25027
497.441;592.555;9.8263
496.126;592.612;10.1753
495.107;592.644;10.3156
494.068;592.665;10.6866
492.269;592.672;10.9935
491.16;592.659;11.3443
490.022;592.631;11.485
488.865;592.589;11.8127
487.682;592.534;11.9038
485.72;592.42;11.6074
484.598;592.344;10.6498
483.57;592.268;9.73154
481.793;592.122;8.17661
480.46;592.01;7.93357
478.665;591.869;7.62518
477.421;591.762;7.53153
476.187;591.621;7.27845
474.725;591.409;7.67562
473.432;591.183;8.22292
472.057;590.914;8.71032
470.901;590.67;9.10985
469.079;590.256;9.68554
467.482;589.875;10.1285
466.492;589.634;10.3535
464.82;589.229;10.3425
463.171;588.84;10.0261
461.554;588.472;9.87745
459.635;588.064;9.76937
457.72;587.683;9.80895
456.104;587.387;9.99072
454.139;587.052;9.84716
452.482;586.786;10.4135
451.442;586.626;10.6299
449.639;586.354;11.2624
448.516;586.19;11.5658
447.363;586.024;11.8538
445.386;585.738;12.0981
444.196;585.566;11.7399
442.73;585.353;10.1569
440.937;585.087;7.61531
439.73;584.897;7.02688
438.329;584.665;7.04156
437.187;584.472;6.82053
435.835;584.239;6.89424
434.711;584.04;6.8326
433.565;583.835;7.3766
432.579;583.658;7.82188
431.265;583.416;8.33815
429.581;583.066;8.97598
428.099;582.699;9.45059
426.594;582.27;8.96652
425.098;581.777;6.44875
423.701;581.249;5.46327
422.328;580.702;5.26277
421.009;580.173;5.46791
419.845;579.714;5.50178
418.531;579.213;6.588
417.468;578.819;7.24862
416.315;578.399;7.78707
415.068;577.957;8.12965
413.746;577.499;8.78535
412.34;577.013;9.14749
410.873;576.484;9.71957
409.347;575.881;10.0308
408.098;575.339;10.3777
407.147;574.899;10.7503
405.852;574.26;11.0759
404.864;573.742;11.2124
403.213;572.807;11.6992
401.54;571.771;11.9873
400.195;570.873;12.2906
399.186;570.163;12.4826
397.882;569.196;11.5356
397.008;568.512;10.2338
396.03;567.693;8.55855
395.039;566.804;7.82096
394.112;565.919;7.43036
393.234;565.041;7.46727
392.221;563.959;7.48639
391.406;563.036;7.16191
390.608;562.085;7.83275
389.939;561.269;8.25514
389.055;560.183;8.62753
388.126;559.036;9.25397
387.345;558.071;9.62479
386.314;556.817;9.94865
385.451;555.776;10.3013
384.562;554.699;10.6343
383.658;553.585;10.8404
382.597;552.225;9.28886
381.925;551.296;7.56628
381.239;550.237;7.49734
380.511;548.961;7.28547
379.994;547.884;7.01238
379.476;546.563;7.02653
379.114;545.448;7.02658
378.683;543.826;7.61874
378.45;542.82;7.95509
378.182;541.559;7.21102
377.964;540.476;5.58499
377.707;539.269;4.29284
377.4;537.914;4.11968
377.097;536.682;4.43625
376.824;535.649;4.80369
376.463;534.374;5.33663
376.112;533.125;5.75134
375.752;531.848;5.8438
375.472;530.86;6.33295
375.102;529.566;7.21693
374.693;528.154;7.76348
374.326;526.886;8.18576
373.942;525.547;8.64883
373.637;524.417;9.00172
373.28;522.934;9.43642
372.899;521.049;9.92041
372.628;519.396;10.3154
372.487;518.37;10.549
372.359;517.318;10.7792
372.25;516.24;11.005
372.163;515.139;11.2271
372.1;514.013;11.4478
372.06;512.864;11.6692
372.042;510.901;12.031
372.081;509.288;12.3114
372.147;508.054;12.5204
372.335;505.957;12.8703
372.55;504.27;12.7687
372.743;503.012;12.8499
373.04;501.312;13.1771
373.288;500.013;13.3986
373.733;497.819;13.5067
374.187;495.635;13.13
374.444;494.366;12.7762
374.837;492.309;12.3731
375.196;490.288;12.2942
375.536;488.304;11.8703
375.861;486.387;11.3765
376.113;484.922;10.6162
376.293;483.912;9.65849
376.57;482.436;8.51584
376.848;481.068;8.16346
377.129;479.739;8.18929
377.409;478.447;7.57138
377.693;477.225;7.43114
377.989;476.042;7.18101
378.298;474.89;7.15165
378.697;473.515;7.09134
379.041;472.381;7.16095
379.398;471.231;7.5295
379.718;470.255;7.99576
380.079;469.229;8.45378
380.484;468.154;8.89842
381.043;466.744;9.42798
381.531;465.564;9.84161
382.182;464.024;10.3399
382.733;462.741;10.7248
383.306;461.412;11.0968
383.747;460.385;11.3587
384.349;458.98;11.6855
385.115;457.166;11.8622
385.717;455.712;11.4734
386.392;454.032;10.0428
386.843;452.864;8.38015
387.331;451.566;8.20346
387.798;450.303;7.91036
388.252;449.074;7.87991
388.702;447.857;7.62823
389.151;446.652;7.75059
389.61;445.436;8.03788
390.12;444.156;8.69755
390.811;442.52;9.33249
391.459;441.077;9.7147
392.151;439.584;10.0996
392.731;438.379;10.0155
393.471;436.922;9.36135
394.193;435.575;8.96253
394.762;434.551;8.71098
395.476;433.31;8.42041
396.196;432.106;8.47396
396.933;430.91;8.30131
397.542;429.965;8.31282
398.163;429.033;8.36347
398.824;428.089;8.83686
399.546;427.114;9.3016
400.328;426.109;9.75316
401.166;425.074;10.1897
402.284;423.741;10.829
403.237;422.635;11.2125
403.981;421.779;11.3934
405;420.618;11.7303
406.039;419.45;11.3288
406.776;418.634;10.2896
407.648;417.691;8.6212
408.385;416.924;7.50154
409.607;415.72;7.06214
410.452;414.919;6.90805
411.451;413.98;6.76578
412.286;413.226;6.76414
413.331;412.315;7.28109
414.492;411.33;7.87396
415.535;410.456;8.5702
416.649;409.517;8.98799
417.817;408.524;9.58686
418.793;407.679;9.94932
419.8;406.798;10.2884
420.826;405.894;10.341
421.826;405.007;9.34555
422.877;404.068;7.2223
423.896;403.142;6.74609
424.87;402.255;6.26127
425.639;401.553;6.30603
426.57;400.725;6.13988
427.51;399.926;6.47534
428.551;399.089;7.10266
429.512;398.342;7.62297
430.335;397.715;8.03633
431.207;397.065;8.43141
432.368;396.225;8.88638
433.345;395.526;9.25457
434.364;394.802;9.61092
435.696;393.86;10.0233
436.797;393.082;10.0093
437.861;392.325;9.08732
438.771;391.676;7.36469
439.731;390.99;6.79851
440.824;390.201;6.58481
442.042;389.323;6.43473
443.068;388.57;6.27067
444.077;387.828;6.51527
444.966;387.173;7.03972
445.925;386.455;7.45332
446.74;385.846;7.91941
447.816;385.035;8.41085
448.719;384.347;8.78219
449.892;383.431;9.21772
450.863;382.656;9.56336
452.117;381.631;9.97692
453.409;380.549;10.3681
454.466;379.643;10.6677
455.275;378.942;10.8904
456.377;377.983;11.1817
457.223;377.247;11.3963
458.668;375.99;11.7453
459.859;374.958;11.9697
460.759;374.178;11.894
461.934;373.166;11.3223
462.779;372.448;10.844
463.856;371.541;10.2659
464.634;370.897;9.90027
465.877;369.879;9.39223
466.832;369.098;9.11986
467.986;368.143;8.84596
468.882;367.393;8.68817
469.756;366.655;8.54107
470.832;365.741;8.66179
471.94;364.78;9.09371
473.087;363.759;9.49767
474.023;362.892;9.80892
475.214;361.741;10.1808
476.176;360.768;10.4602
476.898;360.016;10.6554
478.094;358.739;9.99703
479.109;357.628;7.7934
480.087;356.492;4.71943
480.703;355.694;4.2707
481.306;354.875;4.50089
482.021;353.868;4.82948
482.68;352.918;5.01991
483.382;351.889;5.23928
483.978;351.005;5.34553
484.712;349.889;6.13502
485.258;348.985;6.74447
486.042;347.566;7.38509
486.724;346.221;7.89585
487.298;345.016;8.26304
487.874;343.748;8.65057
488.462;342.415;9.05251
488.937;341.296;9.34611
489.514;339.832;9.7088
490.048;338.289;10.0568
490.341;337.325;10.2704
490.783;335.657;10.5997
491.169;333.957;9.97329
491.408;332.752;8.23571
491.623;331.549;6.07619
491.805;330.348;5.98646
491.945;329.026;5.33166
491.99;327.611;5.40541
491.972;326.587;5.61301
491.886;325.088;6.39824
491.782;323.814;6.87849
491.643;322.381;7.57033
491.509;321.096;8.08397
491.368;319.728;8.56287
491.227;318.286;8.98727
491.092;316.768;9.42331
490.97;315.178;9.83808
490.854;313.551;9.83014
490.694;311.629;9.56306
490.516;310.059;9.43675
490.23;308.202;9.39941
489.93;306.663;9.49806
489.573;305.109;9.74301
489.168;303.541;9.74664
488.735;301.987;9.53137
488.302;300.516;8.64947
487.91;299.219;7.35259
487.559;298.175;5.42438
487.127;297.102;5.01445
486.646;296.039;4.92536
486.061;294.851;5.08293
485.592;293.931;5.30077
485.023;292.855;5.46158
484.503;291.877;5.99617
483.849;290.648;5.59865
483.372;289.735;4.94573
482.684;288.396;4.91357
482.137;287.296;5.64608
481.616;286.259;5.87888
481.131;285.35;6.51521
480.485;284.182;6.6362
479.929;283.205;6.90688
479.34;282.182;7.50213
478.691;281.077;7.9919
477.988;279.898;8.68109
477.386;278.895;9.11355
476.588;277.574;9.48622
475.742;276.188;10.1346
474.833;274.735;10.5068
473.854;273.239;11.0972
473.013;272.009;11.4665
472.346;271.069;11.6395
471.649;270.122;12.0128
470.92;269.16;12.2015
469.903;267.863;12.5355
469.108;266.884;12.6409
468.045;265.602;12.2807
467.263;264.702;11.3126
466.278;263.646;10.0762
465.098;262.564;9.30111
463.894;261.646;8.79775
462.662;260.862;8.74366
461.396;260.171;8.51057
460.133;259.564;7.69833
459.087;259.101;6.28313
457.93;258.618;6.02327
456.998;258.233;5.9547
455.727;257.683;6.04602
454.626;257.202;6.18689
453.23;256.612;7.04766
451.861;256.072;7.78862
450.611;255.592;8.29009
449.375;255.117;7.35486
448.017;254.595;4.68645
446.697;254.091;4.22627
445.743;253.721;4.61069
444.691;253.316;5.16098
443.532;252.861;5.75151
442.42;252.425;6.3518
441.394;252.049;6.5373
440.345;251.692;6.60659
439.23;251.369;7.42116
437.99;251.078;8.03853
436.637;250.828;8.64962
435.172;250.625;9.23753
433.924;250.5;9.70619
431.931;250.367;10.3849
430.161;250.301;10.9244
428.305;250.258;11.4412
426.367;250.228;11.9492
424.344;250.204;12.4444
422.243;250.218;12.7525
420.573;250.274;12.2048
419.392;250.342;11.0099
418.337;250.425;9.77941
416.855;250.592;7.77828
415.687;250.773;6.63882
414.598;250.972;6.42662
413.551;251.185;6.34466
412.521;251.427;6.35885
411.291;251.767;6.35747
410.254;252.087;6.6666
409.135;252.462;7.54716
407.912;252.893;8.13876
406.598;253.371;8.78846
405.479;253.783;9.26168
404;254.324;9.64217
402.571;254.843;8.11326
401.251;255.358;5.7166
400.002;255.919;5.58686
398.822;256.495;5.56761
397.835;256.999;5.62948
396.672;257.609;5.81091
395.595;258.191;6.71973
394.586;258.741;7.39443
393.478;259.353;7.94861
392.532;259.89;8.41676
391.289;260.634;9.14084
390.244;261.295;9.59767
389.164;262.013;10.0425
387.77;262.987;10.4544
386.622;263.826;10.8796
385.145;264.947;11.5041
383.926;265.899;11.9056
382.355;267.16;12.3082
381.071;268.229;12.6868
379.784;269.352;12.7658
378.57;270.463;11.487
377.772;271.227;10.278
376.864;272.139;8.66948
376.106;272.928;7.8822
375.206;273.878;7.86069
374.329;274.832;7.57442
373.5;275.804;7.73022
372.862;276.611;7.79924
372.089;277.651;7.80177
371.471;278.525;8.31846
370.664;279.707;9.04916
369.823;280.991;9.32157
369.153;282.034;8.92591
368.4;283.22;7.706
367.739;284.261;7.40922
367.083;285.287;7.14504
366.194;286.626;6.6625
365.344;287.87;6.38205
364.5;289.061;6.3409
363.878;289.919;6.33812
363.253;290.776;6.48341
362.576;291.684;7.24636
361.502;293.106;8.18121
360.836;293.999;8.68812
359.963;295.204;9.30824
359.052;296.506;9.89248
358.49;297.335;10.2434
357.727;298.493;10.692
357.142;299.401;11.0242
356.147;300.986;11.5632
355.125;302.661;12.0463
354.309;304.039;11.7198
353.729;305.034;10.8883
352.904;306.493;8.88267
352.377;307.483;8.08665
351.653;308.916;7.78856
351.091;310.092;7.85677
350.654;311.038;7.85892
349.999;312.468;7.96045
349.564;313.426;8.02215
348.998;314.676;8.48871
348.387;316.012;9.27379
347.728;317.448;9.75188
347.03;318.959;10.3705
346.592;319.902;10.3482
345.876;321.432;9.26649
345.379;322.472;7.66256
344.854;323.538;6.91461
344.345;324.54;6.69915
343.845;325.511;6.34663
343.152;326.827;6.28549
342.649;327.762;6.42099
342.143;328.706;6.58103
341.599;329.716;7.37059
340.998;330.837;7.95354
340.35;332.05;8.70635
339.66;333.362;9.15341
338.937;334.758;9.87039
338.179;336.253;10.3098
337.714;337.186;10.7515
336.912;338.816;11.1772
336.077;340.528;11.793
335.383;341.949;11.7907
334.875;342.995;11.1043
334.265;344.249;9.4988
333.628;345.547;7.49519
332.908;346.984;6.65818
332.408;347.953;6.48524
331.923;348.893;6.25886
331.232;350.194;6.36406
330.728;351.133;6.34101
329.989;352.509;7.2649
329.392;353.611;7.92767
328.618;355.063;8.64797
327.928;356.376;9.27675
327.202;357.781;9.8545
326.437;359.278;10.4085
325.797;360.54;10.8346
325.304;361.516;11.1455
324.452;363.203;11.6185
323.749;364.579;11.2788
323.251;365.54;10.0622
322.66;366.649;8.44849
322.036;367.755;6.43704
321.229;369.013;5.19615
320.496;369.971;5.3599
319.661;370.938;5.52856
318.764;371.903;4.97295
317.964;372.721;4.89929
317.135;373.54;5.18582
316.238;374.421;5.80885
315.254;375.4;6.14959
314.498;376.17;6.69687
313.375;377.33;6.90631
312.23;378.54;7.66335
311.323;379.492;8.18169
310.337;380.495;8.88243
309.249;381.539;9.27334
308.077;382.614;9.95511
306.81;383.729;10.345
305.753;384.629;10.1309
304.98;385.272;9.49533
303.862;386.18;7.45511
302.544;387.209;7.14413
301.611;387.927;6.98485
300.692;388.626;6.89506
299.765;389.31;6.95821
298.814;389.964;6.9434
297.345;390.858;7.92516
296.156;391.517;8.53158
295.13;392.061;9.01699
293.754;392.753;9.52124
292.328;393.442;9.13492
291.066;394.041;7.26951
289.743;394.669;5.89539
288.545;395.24;5.40503
287.394;395.796;5.49751
286.229;396.376;5.81107
284.85;397.083;6.37765
283.446;397.828;7.22044
282.333;398.427;8.07257
281.372;398.945;8.57528
280.078;399.625;9.04925
278.695;400.334;9.76371
276.913;401.232;10.4364
275.33;402.019;10.8659
273.669;402.837;11.5022
271.919;403.686;11.9215
270.091;404.556;12.5214
268.166;405.429;12.9336
266.147;406.264;13.3047
264.073;407.026;13.4142
261.906;407.713;13.9975
260.551;408.09;14.2412
259.16;408.438;14.5763
256.766;408.96;14.8662
254.343;409.406;14.5114
252.932;409.642;13.9585
250.704;409.999;12.9769
248.643;410.338;11.873
247.498;410.544;11.2535
246.417;410.755;10.507
244.815;411.112;8.9647
243.132;411.565;8.615
241.772;411.991;8.44899
240.433;412.451;8.62135
239.104;412.938;8.268
237.815;413.428;8.29808
236.792;413.824;8.27292
235.253;414.414;8.38042
233.947;414.907;8.35802
232.617;415.397;8.66676
231.26;415.881;8.78698
229.83;416.372;9.51291
228.307;416.872;9.60239
226.854;417.329;8.45432
225.59;417.71;7.53592
224.168;418.117;7.42432
222.753;418.5;7.2927
221.59;418.795;7.09262
220.233;419.104;6.79792
219.13;419.332;6.73375
218.02;419.543;6.88604
216.877;419.745;7.0647
215.715;419.94;7.27087
214.215;420.187;8.1169
212.834;420.418;8.83811
211.029;420.732;9.62969
209.409;421.03;10.2755
207.691;421.364;10.8469
206.627;421.581;10.9621
204.867;421.954;10.5154
203.859;422.177;9.86482
202.322;422.533;9.28858
200.549;422.961;9.10182
199.088;423.326;8.94342
197.635;423.692;9.12218
195.874;424.136;9.1928
194.362;424.517;9.64219
192.42;425.002;10.3822
190.699;425.424;10.9548
189.641;425.681;10.7166
188.624;425.923;10.043
186.8;426.344;8.46981
185.326;426.669;6.79558
184.238;426.902;6.41989
183.193;427.117;6.37825
181.963;427.365;6.14303
180.747;427.598;6.16397
179.72;427.789;6.27205
178.456;428.012;6.80615
177.044;428.253;7.7563
175.735;428.476;8.27695
174.323;428.716;9.08243
172.484;429.029;9.83969
170.837;429.315;10.3135
169.102;429.624;11.0119
168.011;429.822;11.2451
166.128;430.17;11.8962
164.952;430.39;12.0923
163.764;430.613;12.1472
161.841;430.959;11.0269
160.784;431.129;10.1808
159.203;431.343;8.71607
157.891;431.469;6.76009
156.811;431.533;6.12086
155.579;431.571;5.95248
154.009;431.587;5.86208
152.847;431.588;5.9752
151.672;431.589;5.92728
150.643;431.592;6.85286
149.259;431.605;7.53475
147.726;431.634;8.34815
146.086;431.685;8.76062
144.77;431.744;7.65378
143.276;431.834;5.11048
141.989;431.934;4.91158
140.642;432.058;5.48862
139.13;432.211;5.94225
138.092;432.322;6.5711
136.971;432.444;7.10122
135.779;432.574;7.23299
134.314;432.733;7.75368
132.979;432.875;8.48654
131.53;433.026;9.15769
129.973;433.182;9.77895
128.311;433.342;10.391
127.266;433.439;10.7477
125.446;433.603;11.3251
124.308;433.701;11.5479
123.139;433.801;11.7682
122.003;433.896;11.7547
120.876;433.989;11.3413
119.792;434.075;10.7989
118.159;434.199;9.44118
116.348;434.33;8.98505
114.911;434.434;8.7987
113.211;434.561;8.72588
111.528;434.693;8.6657
109.847;434.832;8.60081
108.134;434.983;8.53792
106.719;435.114;8.57175
105.312;435.25;8.34697
103.641;435.404;8.38673
101.962;435.517;8.43692
100.59;435.541;8.82133
98.8412;435.479;9.572
96.9532;435.309;10.2799
95.9286;435.178;10.359
94.9017;435.022;10.4886
93.2625;434.728;9.27947
91.6048;434.38;7.1987
90.4196;434.107;7.12846
89.2775;433.844;6.75446
88.1714;433.602;6.68377
87.0877;433.396;6.51668
85.8031;433.207;6.62445
84.7067;433.094;6.67247
83.5819;433.021;7.00546
82.1102;432.98;7.95839
80.7739;432.986;8.66308
79.0324;433.036;9.36592
77.2233;433.129;8.95411
75.8993;433.212;7.35864
74.692;433.296;5.152
73.2394;433.392;5.29801
71.7225;433.477;5.93485
70.598;433.527;6.32896
69.3579;433.57;6.98669
68.2302;433.597;7.39964
66.8326;433.616;7.43723
65.6053;433.619;8.14761
64.5435;433.615;8.6739
62.8034;433.597;9.42547
61.2472;433.571;10.0416
59.2463;433.529;10.7414
57.4761;433.486;11.3048
56.3654;433.459;11.6366
55.2115;433.431;11.9687
54.0354;433.403;12.2859
52.8515;433.376;12.5872
51.6403;433.35;12.9053
50.4012;433.325;13.2064
47.8675;433.264;13.4449
45.6423;433.179;13.8619
44.3397;433.11;14.1745
42.9874;433.022;14.4743
41.5894;432.912;14.7785
39.1081;432.668;15.2718
37.5836;432.489;15.5614
36.5529;432.357;15.7477
34.9938;432.138;16.026
33.402;431.899;16.2848
32.3417;431.731;16.2524
30.7522;431.464;15.8776
29.2111;431.186;15.3991
27.7171;430.897;14.9293
25.3519;430.398;13.976
24.0104;430.098;13.3556
21.9221;429.611;12.2695
20.7511;429.337;11.6068
18.9427;428.914;10.4619
17.9431;428.684;9.91378
16.4433;428.347;8.14805
15.2543;428.094;6.20695
14.234;427.889;4.04137
13.1952;427.695;2.18267
12.0484;427.497;3.31623
10.7022;427.268;4.33663
9.49415;427.06;5.12603
8.44998;426.88;5.60594
6.92124;426.612;6.25754
5.88646;426.427;6.92412
4.4859;426.168;7.73146
3.2081;425.927;8.46567
1.53907;425.603;9.20111
-0.25605;425.241;9.9143
-1.85359;424.908;10.3713
-2.84902;424.697;10.813
-3.87951;424.478;11.0378
-5.65135;424.095;11.6667
-6.76093;423.846;11.8894
-7.8883;423.576;12.2709
-9.04876;423.27;12.493
-11.0183;422.673;13.0436
-12.2281;422.251;13.2689
-14.2693;421.435;13.0153
-16.1879;420.534;12.369
-17.2612;419.963;11.744
-18.2546;419.386;10.9821
-19.7182;418.455;9.56554
-20.7251;417.779;8.20598
-21.7957;417.062;7.72414
-22.8739;416.364;7.70137
-23.9638;415.69;7.79216
-24.862;415.167;7.95352
-26.2691;414.406;8.15552
-27.4905;413.792;8.30481
-28.7755;413.185;8.90712
-30.1558;412.574;9.27541
-31.5804;411.975;9.3072
-33.009;411.4;9.18093
-34.441;410.84;9.26384
-35.8757;410.281;9.08945
-37.2716;409.693;9.07021
-38.8651;408.935;8.46736
-39.9852;408.327;6.46585
-41.0587;407.667;4.72746
-42.1228;406.954;4.89736
-43.0884;406.267;5.28708
-44.2657;405.359;5.76472
-45.1907;404.551;6.30826
-45.9935;403.802;6.84147
-46.8288;402.999;7.06978
-47.8956;401.96;4.93442
-48.8991;400.982;4.16893
-49.7355;400.156;4.63905
-50.5208;399.335;5.11329
-51.4414;398.244;5.88374
-52.2967;397.124;5.95303
-52.8945;396.296;6.17775
-53.7634;395.028;6.94593
-54.4356;394.013;7.33019
-55.0509;393.01;6.409
-55.6729;391.88;4.47099
-56.1425;390.961;4.30572
-56.6949;389.836;4.2277
-57.1241;388.919;4.5203
-57.5594;387.917;4.90962
-57.9742;386.805;5.40699
-58.3813;385.554;6.02156
-58.771;384.23;5.72477
-59.0367;383.261;6.50864
-59.4315;381.743;7.23874
-59.7358;380.554;7.59358
-60.0534;379.29;8.22023
-60.3935;377.943;8.54343
-60.7583;376.531;9.10455
-61.0706;375.352;9.43258
-61.4918;373.825;9.67695
-61.9425;372.26;9.93998
-62.3951;370.735;8.58844
-62.7728;369.513;6.42889
-63.1587;368.324;4.90021
-63.591;367.069;4.94246
-63.9901;365.924;5.48608
-64.3589;364.866;5.86895
-64.6572;363.911;6.04602
-65.0539;362.484;6.47713
-65.3649;361.244;6.62355
-65.6175;360.137;7.1597
-65.8676;358.937;7.72568
-66.0673;357.914;8.09756
-66.3156;356.589;7.89602
-66.5401;355.373;6.72459
-66.7668;354.113;4.6218
-66.9512;353.076;4.49691
-67.1384;352.021;4.75769
-67.3401;350.896;5.06972
-67.559;349.684;5.75262
-67.8092;348.339;6.03224
-68.0802;347.101;6.40855
-68.4061;345.941;5.29027
-68.8197;344.679;4.99328
-69.1645;343.732;5.12507
-69.5444;342.768;5.02359
-69.9295;341.833;5.3526
-70.3671;340.82;5.51305
-70.8227;339.798;5.89792
-71.2677;338.878;6.46536
-71.9029;337.678;7.17285
-72.8177;336.182;8.02414
-73.4242;335.281;8.4841
-74.0805;334.348;8.89169
-74.7919;333.388;9.29908
-75.7543;332.143;9.66417
-76.5727;331.114;10.0574
-77.4276;330.049;10.4474
-78.3182;328.943;10.8236
-79.2342;327.8;11.1431
-80.1486;326.645;10.8054
-80.9872;325.583;9.16928
-81.868;324.485;7.99611
-82.5444;323.659;7.91446
-83.2229;322.85;7.84466
-83.9076;322.057;7.82994
-84.7773;321.076;8.01475
-85.4867;320.286;8.03239
-86.3808;319.301;8.00346
-87.129;318.485;8.46919
-87.9136;317.629;8.75045
-88.8572;316.601;7.75216
-89.9912;315.345;6.79997
-90.7543;314.486;6.71786
-91.6511;313.458;6.84341
-92.3864;312.618;6.54659
-93.3537;311.493;6.24765
-94.3053;310.386;6.22776
-95.1397;309.413;6.70823
-95.8602;308.567;6.67151
-96.5945;307.703;7.24526
-97.4031;306.753;7.7993
-98.099;305.935;8.32434
-99.0308;304.845;9.06354
-99.8353;303.925;9.52849
-100.929;302.734;9.95632
-101.877;301.76;10.4025
-102.627;301.021;10.8322
-103.42;300.272;11.0396
-104.531;299.265;11.4487
-105.404;298.508;11.7923
-106.894;297.267;11.0109
-107.971;296.403;9.3725
-109.094;295.53;7.85639
-110.127;294.75;7.604
-111.137;293.998;7.54386
-112.328;293.11;7.46398
-113.32;292.358;7.41429
-114.303;291.597;7.58886
-115.287;290.82;7.42351
-116.277;290.023;8.02689
-117.114;289.337;8.37326
-118.147;288.494;7.38338
-119.043;287.811;5.66134
-120.098;287.076;5.77116
-121.041;286.468;5.70427
-122.117;285.809;4.99895
-123.35;285.099;5.80386
-124.559;284.422;6.10443
-125.496;283.907;6.71936
-126.495;283.363;6.98749
-127.503;282.814;7.0602
-128.786;282.112;7.39806
-129.826;281.531;6.53853
-130.78;280.982;4.25544
-131.648;280.475;4.46699
-132.677;279.876;4.40817
-133.71;279.268;4.68623
-134.832;278.603;5.22527
-135.754;278.048;5.47698
-136.753;277.439;6.05362
-137.646;276.891;6.71834
-138.571;276.323;6.48988
-139.51;275.746;7.12542
-140.752;274.979;7.89345
-141.874;274.285;8.48016
-143.311;273.385;8.85164
-144.681;272.529;7.35993
-145.611;271.969;6.3029
-146.479;271.469;5.88938
-147.476;270.926;5.76149
-148.744;270.267;5.40665
-150.001;269.639;5.53957
-150.953;269.17;5.77054
-151.994;268.66;6.55451
-152.952;268.196;7.18765
-154.202;267.592;7.70975
-155.503;266.957;7.68409
-156.504;266.455;6.85666
-157.627;265.883;6.52991
-158.526;265.422;6.39293
-159.554;264.887;5.90334
-160.533;264.382;5.89196
-161.835;263.705;5.90396
-162.832;263.183;6.07973
-164.205;262.454;6.75871
-165.37;261.832;7.48263
-166.428;261.264;8.07113
-167.565;260.654;8.65456
-168.523;260.14;9.08441
-170.048;259.316;9.69478
-171.389;258.589;9.95384
-172.973;257.723;8.91078
-174.255;257.014;6.64812
-175.491;256.332;5.17883
-176.666;255.703;5.39338
-177.968;255.018;5.42072
-179.294;254.328;5.7688
-180.632;253.633;6.7571
-181.585;253.144;7.16289
-182.824;252.506;7.91134
-184.168;251.789;8.4993
-185.583;250.976;9.12714
-187.083;250.04;9.70769
-188.381;249.176;10.2369
-189.866;248.127;8.59675
-190.845;247.4;6.6807
-191.789;246.676;6.01129
-193.031;245.723;6.22796
-193.974;245.001;6.2362
-194.936;244.272;6.29361
-196.247;243.297;6.94329
-197.358;242.489;7.74653
-198.582;241.607;8.37096
-199.681;240.829;9.04973
-201.088;239.848;9.66362
-202.598;238.809;10.2492
-203.919;237.9;10.616
-205.568;236.772;10.7591
-206.396;236.208;10.7915
-208.024;235.102;10.4993
-209.366;234.196;10.2472
-210.948;233.131;10.143
-212.253;232.239;10.2454
-213.805;231.137;10.3762
-215.081;230.179;10.234
-216.614;228.952;10.8542
-217.397;228.295;11.2472
-218.195;227.604;11.3065
-218.983;226.899;11.0856
-219.73;226.218;10.4459
-220.854;225.166;9.19442
-221.99;224.079;7.29373
-222.713;223.376;5.41082
-223.733;222.408;4.93533
-224.648;221.568;5.20027
-225.785;220.555;5.84822
-226.625;219.813;6.37289
-227.513;218.999;6.83535
-228.266;218.254;6.79716
-228.993;217.482;7.16691
-229.901;216.439;7.85758
-230.691;215.461;8.42264
-231.659;214.174;9.07992
-232.651;212.762;9.68928
-233.664;211.225;9.90112
-234.582;209.77;8.0445
-235.167;208.818;6.16992
-235.851;207.731;4.97272
-236.638;206.543;5.45485
-237.225;205.689;5.92431
-238.23;204.287;6.70121
-238.846;203.446;6.79097
-239.606;202.431;6.9612
-240.285;201.546;7.71161
-241.178;200.392;8.41328
-242.162;199.13;9.03468
-243.199;197.789;9.65234
-244.113;196.602;10.0311
-245.065;195.359;10.5997
-245.861;194.314;10.9688
-246.472;193.509;11.1548
-247.094;192.682;11.5043
-247.729;191.833;11.6928
-248.377;190.966;12.0261
-249.485;189.479;12.2733
-250.144;188.581;11.9917
-250.77;187.706;11.362
-251.349;186.867;10.6587
-252.189;185.58;9.27201
-253.02;184.2;8.43278
-253.76;182.87;8.16977
-254.454;181.545;8.05398
-255.099;180.214;8.02387
-255.696;178.868;8.06029
-256.252;177.51;8.43649
-256.811;176.059;8.48208
-257.235;174.914;7.60566
-257.66;173.749;5.8522
-258.086;172.595;3.91065
-258.462;171.614;3.84183
-258.863;170.612;4.23847
-259.325;169.494;4.7893
-259.794;168.381;5.22429
-260.391;166.967;6.06535
-260.812;165.919;6.20897
-261.232;164.848;6.76448
-261.686;163.666;7.44368
-262.094;162.59;7.99894
-262.614;161.195;8.64495
-263.163;159.695;9.23451
-263.721;158.139;8.43219
-264.155;156.885;6.27815
-264.55;155.544;5.22274
-264.8;154.51;5.46761
-265.113;153.086;6.18393
-265.314;152.079;6.50345
-265.535;150.902;5.97823
-265.764;149.6;4.85633
-265.977;148.359;5.18976
-266.156;147.307;5.52458
-266.421;145.787;6.25554
-266.6;144.778;6.70514
-266.817;143.507;6.8651
-266.988;142.409;7.27288
-267.184;141.009;7.9824
-267.351;139.705;8.55929
-267.543;138.065;8.99425
-267.696;136.655;8.28692
-267.841;135.236;6.36383
-267.94;134.216;4.74506
-268.053;133.071;4.67882
-268.183;131.721;5.11309
-268.276;130.386;5.69164
-268.32;129.228;6.17562
-268.342;128.161;6.60321
-268.35;127.038;6.74555
-268.346;125.905;7.15101
-268.326;124.478;7.97608
-268.299;123.173;8.34655
-268.263;121.716;7.11112
-268.231;120.505;6.37371
-268.202;119.35;6.20159
-268.175;118.224;5.98677
-268.146;116.836;5.71718
-268.129;115.781;5.77911
-268.115;114.712;5.85556
-268.103;113.269;6.17833
-268.096;112.068;6.59382
-268.085;110.917;7.29271
-268.054;109.652;7.87465
-267.983;108.06;8.66951
-267.89;106.591;9.22094
-267.811;105.56;9.57485
-267.669;103.957;10.0869
-267.5;102.293;10.5722
-267.266;100.291;10.696
-267.046;98.6483;9.77715
-266.901;97.6565;8.87258
-266.663;96.1678;7.20913
-266.461;94.9923;5.99604
-266.193;93.4971;5.53104
-266.017;92.5071;5.49521
-265.753;91.094;5.66666
-265.551;90.0523;5.90253
-265.193;88.514;6.53934
-264.848;87.2691;7.27423
-264.482;86.0623;7.91467
-264.057;84.767;8.50406
-263.576;83.3814;9.07245
-263.048;81.9131;9.6157
-262.384;80.103;10.2228
-261.784;78.4696;10.7217
-261.057;76.4551;11.0863
-260.434;74.7461;10.7567
-259.801;73.0988;10.1878
-259.139;71.5365;9.52572
-258.447;70.0646;8.24559
-257.828;68.8658;6.51785
-257.072;67.527;6.01029
-256.516;66.5953;5.78455
-255.981;65.7107;5.48831
-255.453;64.8533;5.58187
-254.895;63.9937;5.51992
-254.086;62.8183;6.23792
-253.363;61.8105;6.9739
-252.695;60.8788;7.33072
-251.887;59.7766;6.71647
-250.968;58.5171;3.8201
-250.215;57.4483;3.88423
-249.628;56.5999;4.35702
-248.892;55.5291;4.96886
-248.165;54.4476;5.67602
-247.56;53.5333;6.14005
-246.923;52.5553;6.3895
-246.272;51.5456;6.84729
-245.687;50.6255;7.44019
-244.927;49.4268;8.16325
-244.247;48.3442;8.68814
-243.379;46.9457;9.31364
-242.445;45.4694;9.90634
-241.61;44.1829;10.3787
-240.891;43.1074;10.7492
-240.323;42.281;11.0225
-239.733;41.4373;11.2865
-238.704;40.0102;11.2584
-238.087;39.182;10.6294
-236.986;37.7435;8.32135
-236.239;36.8122;6.93001
-235.368;35.8108;6.85973
-234.598;35.0079;6.74659
-233.791;34.2304;6.70021
-232.789;33.3276;6.82147
-231.917;32.5797;7.28186
-230.96;31.777;7.81719
-229.925;30.9133;8.54318
-228.812;29.978;8.94855
-227.643;28.9773;9.65029
-226.413;27.8948;10.0676
-225.657;27.2105;10.4917
-224.361;26.0003;10.8018
-223.584;25.258;10.6025
-222.398;24.0911;8.84893
-221.462;23.139;7.36493
-220.612;22.2669;7.22419
-219.757;21.4451;6.86375
-218.882;20.6989;6.98309
-217.948;20.0051;6.94379
-216.975;19.3693;6.92797
-215.922;18.7742;7.62854
-214.744;18.1837;8.30075
-213.448;17.5975;8.89997
-212.045;17.0097;9.47083
-210.542;16.4139;10.0309
-208.949;15.7986;10.5625
-207.954;15.4153;10.856
-206.253;14.7517;10.993
-204.602;14.089;9.7834
-202.976;13.3984;8.14913
-201.751;12.8371;8.05016
-200.558;12.2667;7.69555
-199.395;11.7126;7.74485
-198.232;11.1685;7.65157
-197.07;10.6393;7.78361
-195.898;10.1169;7.57245
-194.705;9.59875;8.23778
-193.411;9.04922;8.67574
-192.07;8.49371;8.55647
-190.82;8.00266;7.17602
-189.602;7.59164;6.32058
-188.612;7.3125;6.24778
-187.621;7.07297;5.89537
-186.495;6.84332;5.52678
-185.073;6.59996;5.13923
-183.658;6.39324;5.69249
-182.184;6.19367;5.90835
-181.164;6.05727;6.67697
-179.791;5.86516;7.34647
-178.264;5.63805;8.17015
-176.88;5.41523;8.78762
-175.399;5.1716;9.34455
-173.825;4.91391;9.90084
-172.837;4.75234;10.2241
-171.818;4.58594;10.5289
-170.079;4.30242;10.0216
-168.571;4.05695;7.97784
-167.201;3.8318;5.5363
-165.799;3.60555;5.01969
-164.441;3.39512;5.57081
-163.117;3.20352;5.93221
-161.859;3.06309;6.56877
-160.77;2.96863;6.59852
-159.388;2.87777;7.38213
-158.122;2.81887;8.01252
-156.465;2.76512;8.68028
-154.978;2.73328;9.26744
-153.398;2.70848;9.79784
-151.749;2.68566;9.85271
-149.789;2.65418;9.58776
-147.919;2.61355;9.0594
-146.436;2.56836;8.73344
-144.993;2.51043;8.55892
-143.575;2.44137;8.47154
-141.885;2.34332;8.44967
-140.479;2.25004;8.60343
-139.007;2.14297;9.19836
-136.787;1.97238;9.98469
-135.78;1.89297;10.3082
-134.744;1.80996;10.5486
-133.688;1.72527;10.6062
-132.001;1.59238;9.33228
-130.576;1.48566;7.39471
-129.485;1.41242;5.35935
-128.403;1.34762;5.47281
-127.014;1.27617;5.39955
-125.896;1.23699;5.91084
-124.876;1.21406;6.21028
-123.561;1.19734;6.72638
-122.439;1.19164;6.69366
-121.017;1.19352;7.49818
-119.442;1.20313;8.19291
-117.726;1.2173;8.9471
-115.873;1.23223;9.57284
-113.89;1.24363;10.2252
-112.499;1.24719;10.6338
-111.423;1.24703;11.0448
-110.311;1.24406;11.2298
-109.177;1.23801;11.6001
-107.642;1.2248;11.2636
-106.56;1.21211;10.0357
-105.028;1.18785;7.99169
-104.025;1.16711;7.24304
-102.576;1.13027;7.2177
-101.395;1.0993;6.9237
-100.229;1.06902;6.99693
-99.0594;1.03656;7.02783
-97.8668;1.00363;7.5195
-96.3026;0.962344;8.24328
-94.8871;0.927891;8.8381
-93.0587;0.88793;9.54797
-91.4319;0.856367;10.0853
-90.4134;0.838281;10.3774
-89.3763;0.821445;10.416
-88.3422;0.805508;10.0792
-86.8054;0.786563;8.03624
-85.5094;0.776992;7.51033
-84.2497;0.770352;7.54357
-82.5047;0.764414;7.37872
-81.266;0.75875;7.57911
-79.7735;0.75043;7.54877
-78.4771;0.743398;8.12728
-77.0819;0.734141;8.8185
-75.2744;0.719336;9.50344
-73.6596;0.703359;9.94058
-72.6523;0.692187;10.3824
-70.548;0.666133;10.1554
-68.9984;0.644805;8.11084
-67.5611;0.622539;6.58
-66.4599;0.60375;6.41829
-65.3895;0.58668;6.3455
-64.1222;0.567109;6.31133
-63.065;0.548945;6.39295
-61.7861;0.529687;6.66143
-60.3889;0.5075;7.47659
-58.8287;0.481641;8.12208
-57.4248;0.458281;8.86951
-55.6084;0.428359;9.51453
-53.7057;0.397734;9.54321
-52.2494;0.375742;7.55312
-50.9466;0.358477;5.11459
-49.7813;0.345625;5.18177
-48.3497;0.332734;5.66038
-47.1726;0.324219;6.13148
-46.1136;0.315664;6.71253
-44.9754;0.30707;6.74235
-43.5973;0.297539;7.19635
-42.1114;0.28707;7.91559
-40.7513;0.276602;8.38089
-38.9989;0.261875;9.12194
-37.4377;0.2475;9.78042
-35.4426;0.227422;10.4008
-34.3948;0.216133;10.5897
-33.3234;0.204141;11.004
-31.4629;0.182383;11.387
-30.3125;0.168555;11.7673
-29.1298;0.153906;11.9077
-27.9401;0.13875;11.9188
-26.7673;0.123516;11.2804
-25.0294;0.10043;9.24497
-23.3881;0.0782031;6.79404
-22.2468;0.0630469;6.81638
-20.9004;0.0466797;6.48242
-19.8196;0.0371875;6.54191
-18.7424;0.0272656;6.56104
-17.2269;0.00871094;6.59395
-15.8509;-0.00457031;7.31864
-14.5901;-0.0131641;7.633
-13.1499;-0.0175781;6.49403
-11.7487;-0.0158594;4.25227
-10.6136;-0.0126172;4.11845
-9.35758;-0.00917969;4.38308
-8.13162;-0.00636719;4.89378
-7.12073;-0.00453125;5.38281
-5.61005;-0.00269531;6.11266
-4.5562;-0.00214844;6.46142
-3.25913;-0.0021875;6.74353
-1.84761;-0.00320312;7.49568
